3022288 
3035920 
3038672 
3039152 
3040336 
3040608 
3045968 
3047496 
3047848 
3049088 
3049752 
3051824 
3051888 
3052000 
3052200 
3052664 
3052864 
3052880 
3053144 
3053392 
3053952 
3053984 
3056232 
3058560 
3058760 
3059120 
3059576 
3059704 
3060240 
3060336 
3060456 
3060752 
3063248 
3063336 
3063912 
3063960 
3064424 
3065064 
3065672 
3066664 
3066680 
3067344 
3067424 
3067824 
3069560 
3069872 
3069984 
3070120 
3070184 
3070224 
3070592 
3071360 
3071784 
3072496 
3072632 
3072848 
3073176 
3074008 
3074136 
3074144 
3074288 
3074384 
3074624 
3075824 
3076048 
3076264 
3077328 
3077464 
3077520 
3078096 
3078560 
3078664 
3078672 
3079352 
3079392 
3080000 
3081192 
3081264 
3081592 
3081848 
3081936 
3082528 
3082728 
3082952 
3083104 
3083400 
3084352 
3084672 
3084776 
3085152 
3085296 
3085624 
3085880 
3086088 
3086176 
3086376 
3087120 
3087352 
3087816 
3088536 
3088760 
3088832 
3089224 
3089344 
3089736 
3089760 
3089952 
3090280 
3090752 
3090872 
3091152 
3091336 
3091352 
3091408 
3091456 
3091504 
3091640 
3091752 
3091856 
3091888 
3091920 
3091920 
3092056 
3092320 
3092608 
3093024 
3093224 
3093224 
3093304 
3093616 
3093752 
3094152 
3094208 
3094448 
3094584 
3095456 
3095624 
3095768 
3095872 
3096120 
3096360 
3096976 
3097512 
3097696 
3097920 
3098888 
3099144 
3099176 
3099176 
3099400 
3099616 
3100152 
3100200 
3100416 
3101616 
3102608 
3102648 
3102744 
3103024 
3103336 
3103520 
3103696 
3103872 
3103896 
3103952 
3104232 
3104296 
3104304 
3104520 
3104560 
3105736 
3106408 
3106728 
3106792 
3106904 
3107264 
3107344 
3107464 
3107736 
3108816 
3109128 
3109152 
3109400 
3109568 
3109592 
3109712 
3109840 
3109888 
3111000 
3111072 
3111264 
3111376 
3111424 
3111824 
3112040 
3112096 
3112368 
3112584 
3112632 
3112816 
3112824 
3113024 
3113560 
3113576 
3113608 
3113912 
3113928 
3114200 
3114928 
3114984 
3115096 
3115200 
3115368 
3115656 
3115784 
3115856 
3115880 
3116048 
3116104 
3117040 
3117296 
3117360 
3118376 
3118392 
3118520 
3118648 
3118768 
3118808 
3118984 
3119400 
3119424 
3119512 
3119800 
3120968 
3121456 
3121688 
3122304 
3122320 
3122952 
3123408 
3123576 
3123888 
3124440 
3124720 
3125208 
3125208 
3125384 
3125448 
3125688 
3126944 
3127248 
3127288 
3127512 
3128240 
3128832 
3129880 
3130512 
3130648 
3131264 
3131280 
3131312 
3131328 
3131608 
3131672 
3131704 
3132336 
3132552 
3133192 
3133776 
3134112 
3134912 
3134928 
3135128 
3135208 
3135560 
3135888 
3136360 
3136672 
3136936 
3137656 
3139336 
3139424 
3139544 
3139544 
3139968 
3140776 
3140800 
3141576 
3141856 
3141992 
3142168 
3142232 
3142792 
3142968 
3143640 
3143904 
3144816 
3144928 
3144984 
3145488 
3146056 
3146624 
3147736 
3147768 
3148032 
3148224 
3148400 
3148544 
3148560 
3149176 
3149512 
3149920 
3149952 
3150776 
3150928 
3151544 
3152064 
3152360 
3152480 
3152656 
3152760 
3153360 
3153512 
3154216 
3155632 
3155944 
3156264 
3157080 
3157904 
3159864 
3159880 
3160240 
3160416 
3160528 
3160544 
3160600 
3160864 
3160960 
3161928 
3162544 
3163248 
3165352 
3165496 
3165808 
3165872 
3166944 
3167320 
3167728 
3168312 
3169008 
3170264 
3172416 
3173328 
3174328 
3175952 
3176784 
3176960 
3177376 
3177464 
3177672 
3177840 
3178064 
3178424 
3178440 
3180992 
3181408 
3181472 
3181616 
3181672 
3181920 
3182304 
3183600 
3183944 
3185232 
3185744 
3185768 
3185768 
3186128 
3186288 
3186304 
3186920 
3189408 
3189472 
3190848 
3191392 
3191456 
3192448 
3192664 
3193560 
3196336 
3196560 
3196872 
3197248 
3199464 
3199760 
3199832 
3200648 
3201272 
3201400 
3203520 
3203624 
3203720 
3203776 
3203840 
3203928 
3204536 
3204560 
3204832 
3204968 
3207528 
3208336 
3208856 
3208896 
3209112 
3210608 
3210888 
3211088 
3211200 
3212064 
3212400 
3212600 
3213000 
3213016 
3213080 
3213640 
3213736 
3214016 
3214808 
3215560 
3215808 
3217160 
3218400 
3218400 
3218440 
3218768 
3219040 
3219184 
3219360 
3220216 
3220816 
3221080 
3221624 
3221648 
3221976 
3222120 
3222176 
3222336 
3222472 
3222688 
3224088 
3224192 
3224544 
3224848 
3225336 
3226496 
3227424 
3227656 
3227840 
3228696 
3229080 
3229536 
3230928 
3232384 
3232600 
3233408 
3233416 
3233632 
3234048 
3234328 
3236096 
3236920 
3237168 
3237624 
3237728 
3237792 
3238000 
3238000 
3238032 
3238240 
3238432 
3238600 
3239752 
3239944 
3239976 
3240408 
3241064 
3241616 
3242800 
3242832 
3242848 
3243696 
3244984 
3245288 
3245552 
3245824 
3245984 
3246104 
3246408 
3246552 
3246664 
3247616 
3247936 
3248192 
3248552 
3250048 
3250520 
3250672 
3251568 
3251592 
3251640 
3251712 
3251968 
3253024 
3253048 
3253104 
3253800 
3255016 
3255224 
3255496 
3255712 
3255864 
3255880 
3256040 
3256344 
3256624 
3256696 
3257160 
3257680 
3258928 
3259360 
3259616 
3259728 
3259880 
3260064 
3261560 
3261840 
3263464 
3263856 
3264008 
3264216 
3264504 
3264656 
3264744 
3264896 
3265248 
3266704 
3266728 
3267664 
3268480 
3268672 
3269008 
3269096 
3269128 
3269520 
3269656 
3270000 
3270472 
3270728 
3270928 
3271544 
3271992 
3272392 
3272712 
3273368 
3273592 
3274224 
3274648 
3274832 
3275584 
3275816 
3276488 
3278640 
3279304 
3279848 
3280144 
3280232 
3280328 
3280448 
3281688 
3281736 
3281808 
3281816 
3282000 
3282056 
3283712 
3284672 
3285504 
3285616 
3285784 
3286488 
3287328 
3287496 
3289080 
3289520 
3290392 
3291376 
3292048 
3293984 
3294600 
3294856 
3295384 
3296072 
3296256 
3297024 
3298424 
3299040 
3300768 
3301992 
3302176 
3302272 
3303760 
3305200 
3305216 
3305400 
3305608 
3306096 
3306352 
3306912 
3307256 
3307504 
3307848 
3307848 
3308336 
3308576 
3308944 
3309248 
3309400 
3309864 
3310184 
3310744 
3310992 
3311720 
3311760 
3311832 
3311856 
3312880 
3313352 
3313936 
3314144 
3316704 
3317056 
3317520 
3318992 
3319472 
3319520 
3319624 
3320696 
3321584 
3322192 
3323224 
3323384 
3324384 
3324408 
3325424 
3326328 
3326752 
3326968 
3327056 
3328016 
3328384 
3328888 
3329232 
3329496 
3331064 
3331704 
3331896 
3332264 
3333112 
3333152 
3333760 
3333800 
3333992 
3334384 
3334416 
3334824 
3335080 
3335368 
3335688 
3336152 
3336176 
3336608 
3336768 
3337504 
3337600 
3337776 
3338112 
3338128 
3340456 
3341440 
3342128 
3342712 
3343848 
3344000 
3344368 
3345736 
3346432 
3346432 
3348944 
3349000 
3349288 
3353584 
3354552 
3355464 
3356216 
3357776 
3358408 
3358424 
3359256 
3359408 
3360728 
3360848 
3362096 
3363856 
3364720 
3365288 
3365464 
3365776 
3365848 
3366200 
3366664 
3368456 
3368464 
3368888 
3370176 
3371296 
3372176 
3372256 
3372376 
3374416 
3374600 
3377040 
3377296 
3379912 
3380352 
3381104 
3381736 
3384728 
3385600 
3386032 
3386312 
3386624 
3389192 
3389416 
3390792 
3391552 
3392248 
3393032 
3398168 
3399080 
3399400 
3400040 
3403112 
3404200 
3404592 
3404872 
3405736 
3407120 
3407224 
3407776 
3408208 
3408560 
3410288 
3410624 
3412632 
3416976 
3419200 
3419296 
3419576 
3419704 
3420248 
3420624 
3421024 
3421800 
3423216 
3423744 
3426864 
3427240 
3427960 
3428248 
3429184 
3429248 
3430712 
3431104 
3431256 
3432560 
3432992 
3433584 
3434192 
3436376 
3438880 
3438968 
3439360 
3439904 
3440176 
3441088 
3441912 
3443552 
3443608 
3444792 
3445000 
3446168 
3448928 
3450400 
3450528 
3451072 
3454352 
3454568 
3455112 
3456200 
3458648 
3461560 
3462136 
3462832 
3462992 
3466384 
3466552 
3467112 
3467496 
3468104 
3468112 
3469896 
3470808 
3473832 
3474168 
3474656 
3474744 
3475064 
3475072 
3475856 
3477040 
3479280 
3480152 
3482936 
3483464 
3483592 
3484144 
3484952 
3486384 
3486720 
3487680 
3487800 
3488000 
3488096 
3489016 
3490752 
3492200 
3492648 
3494720 
3494824 
3495640 
3496536 
3498136 
3499272 
3501000 
3503320 
3504264 
3505880 
3506608 
3507072 
3508696 
3508696 
3509160 
3511192 
3511648 
3511720 
3511760 
3512296 
3513544 
3515488 
3518528 
3519592 
3519864 
3521024 
3521960 
3524480 
3525192 
3525328 
3525592 
3526384 
3528208 
3531208 
3531408 
3531664 
3532048 
3532312 
3532832 
3533992 
3535496 
3535872 
3536192 
3539184 
3541016 
3542680 
3543944 
3545112 
3546744 
3547560 
3549728 
3551488 
3553016 
3553160 
3553648 
3554552 
3556640 
3559808 
3560280 
3562200 
3563368 
3565312 
3567800 
3570448 
3570512 
3573776 
3575496 
3577296 
3577520 
3580192 
3580496 
3582144 
3582752 
3583496 
3588200 
3589544 
3589936 
3591736 
3594560 
3597336 
3597904 
3600008 
3601808 
3602088 
3602696 
3605576 
3605600 
3606320 
3608848 
3609416 
3609616 
3616024 
3617848 
3628144 
3632728 
3640120 
3640880 
3641920 
3643320 
3643800 
3653960 
3655000 
3657160 
3657184 
3660216 
3672808 
3672816 
3673400 
3674904 
3675288 
3676800 
3681416 
3682216 
3687792 
3689176 
3691968 
3710384 
3720776 
3728064 
3728312 
3730976 
3738056 
3738592 
3738960 
3739448 
3749696 
3765440 
3769832 
3787464 
3798008 
3802944 
3812744 
3822616 
3845696 
3846136 
3932704 
3941056 
3964080 
4016856 
4021424 
4037400 
4071376 
4084464 
4299640 
4483472 
4500632 
4542968 
4587000 
4718936 
4914736 
5023504 
5770656 
6222920 
