11147504 
3110448 
3112784 
3114976 
3118584 
3119976 
3123696 
3124968 
3127064 
3128408 
3128416 
3129200 
3130328 
3131184 
3131440 
3131440 
3136616 
3137432 
3138344 
3138544 
3141344 
3141512 
3145296 
3145520 
3146256 
3146528 
3146904 
3148912 
3149504 
3149520 
3149736 
3149912 
3149960 
3151168 
3152096 
3152720 
3152920 
3153304 
3153304 
3153560 
3153656 
3154024 
3154520 
3156048 
3156488 
3156520 
3156568 
3157432 
3157440 
3157560 
3158552 
3158632 
3158688 
3158800 
3159400 
3159632 
3159936 
3159960 
3159968 
3160408 
3161600 
3161704 
3161832 
3162496 
3163328 
3163376 
3163536 
3164072 
3164536 
3164760 
3164952 
3165432 
3165792 
3166072 
3166896 
3166976 
3167016 
3167048 
3167160 
3167360 
3167832 
3167888 
3168168 
3168592 
3168800 
3168976 
3169056 
3169088 
3169384 
3169472 
3169736 
3169864 
3170296 
3170968 
3171944 
3172104 
3172424 
3172472 
3172664 
3172888 
3173248 
3173256 
3173448 
3173568 
3173696 
3174056 
3174536 
3174568 
3174808 
3175176 
3175184 
3175448 
3175720 
3176080 
3176104 
3176192 
3176376 
3176560 
3176896 
3176896 
3177584 
3178080 
3178320 
3178352 
3178536 
3178776 
3179256 
3179616 
3179904 
3179968 
3180192 
3180368 
3180720 
3180984 
3181512 
3181808 
3182008 
3182320 
3182704 
3183112 
3183472 
3183816 
3184008 
3184008 
3184056 
3184280 
3184640 
3184704 
3185184 
3185240 
3185544 
3186048 
3186056 
3186264 
3186432 
3186512 
3186912 
3187008 
3187488 
3187608 
3188224 
3188264 
3189392 
3190072 
3190528 
3190680 
3190936 
3190968 
3191216 
3191232 
3191696 
3191696 
3191736 
3191872 
3192168 
3192288 
3192560 
3192760 
3192872 
3193664 
3193952 
3193968 
3194144 
3194256 
3194296 
3194560 
3194680 
3194728 
3195176 
3195376 
3196072 
3196576 
3196680 
3196912 
3197008 
3197040 
3197192 
3197200 
3197688 
3198248 
3198408 
3198408 
3198488 
3198568 
3199088 
3199312 
3199928 
3201040 
3201560 
3201712 
3201744 
3201920 
3202176 
3202520 
3202792 
3202864 
3202952 
3203088 
3203256 
3203448 
3203704 
3203776 
3204032 
3204400 
3204496 
3204600 
3205888 
3206760 
3207072 
3207200 
3208208 
3208256 
3208328 
3208432 
3208928 
3209024 
3209416 
3209528 
3209640 
3210008 
3210568 
3210656 
3211008 
3211992 
3212136 
3212152 
3212272 
3212592 
3212608 
3212688 
3213312 
3213496 
3214056 
3214168 
3214256 
3214656 
3215032 
3215240 
3215272 
3215736 
3215768 
3216528 
3216752 
3216856 
3217568 
3218112 
3218400 
3218840 
3219032 
3219448 
3219584 
3219952 
3219984 
3220760 
3221240 
3222464 
3222712 
3224048 
3225688 
3225960 
3226296 
3227176 
3227928 
3227960 
3228216 
3229760 
3230360 
3230896 
3231112 
3231376 
3231544 
3231752 
3232168 
3232464 
3233560 
3233936 
3234656 
3235064 
3235120 
3235216 
3236232 
3236544 
3236904 
3237192 
3237608 
3237872 
3238336 
3238520 
3238936 
3239272 
3239944 
3240264 
3240552 
3241424 
3241496 
3241504 
3241736 
3241784 
3241856 
3242544 
3243048 
3243416 
3244384 
3245840 
3247032 
3247448 
3248152 
3248200 
3249104 
3249208 
3250512 
3250560 
3251040 
3252176 
3252384 
3254048 
3254200 
3255176 
3256176 
3259672 
3259696 
3261776 
3262840 
3263144 
3263832 
3263896 
3264408 
3264544 
3264664 
3265328 
3265896 
3267912 
3268448 
3268936 
3268936 
3269208 
3271144 
3271984 
3272344 
3272728 
3273032 
3273824 
3274464 
3276280 
3276584 
3278448 
3278464 
3278760 
3279216 
3279904 
3279936 
3281016 
3281648 
3282136 
3282192 
3282280 
3282400 
3282504 
3282632 
3283528 
3283800 
3284376 
3284824 
3284952 
3285072 
3285072 
3285296 
3285904 
3286416 
3286472 
3286568 
3287264 
3287376 
3287536 
3287824 
3288296 
3288384 
3289816 
3290736 
3290904 
3293040 
3293424 
3293488 
3294672 
3294872 
3295136 
3295184 
3297120 
3297608 
3298712 
3298896 
3298920 
3298928 
3299336 
3299584 
3300080 
3300472 
3301008 
3301544 
3302336 
3303264 
3304200 
3304232 
3304280 
3304944 
3304992 
3305264 
3308480 
3308640 
3308768 
3309360 
3309744 
3310000 
3310048 
3310136 
3310200 
3310328 
3311064 
3311096 
3311112 
3311816 
3312104 
3312448 
3313016 
3313512 
3314296 
3314808 
3314864 
3314936 
3316184 
3316392 
3316576 
3316800 
3316872 
3317872 
3318464 
3319000 
3319448 
3320024 
3320704 
3320992 
3321960 
3322208 
3322272 
3322472 
3323064 
3323240 
3323552 
3323760 
3324168 
3324392 
3324616 
3325816 
3326200 
3327064 
3327272 
3327664 
3329080 
3330728 
3330992 
3331168 
3331352 
3331848 
3331880 
3331984 
3332168 
3332712 
3332808 
3332960 
3332968 
3333600 
3335264 
3336280 
3336448 
3337088 
3337344 
3337960 
3338512 
3339144 
3339168 
3339608 
3339872 
3340000 
3341336 
3341800 
3342272 
3342296 
3343256 
3344944 
3345496 
3345672 
3345792 
3346168 
3346488 
3346960 
3347024 
3347288 
3347720 
3348200 
3348464 
3348568 
3349192 
3349336 
3349576 
3350616 
3351056 
3351080 
3351528 
3352248 
3352328 
3352352 
3352360 
3353280 
3353440 
3354032 
3355120 
3355248 
3357728 
3358344 
3358360 
3358600 
3359472 
3360584 
3361040 
3361432 
3361840 
3362272 
3363384 
3363384 
3364696 
3366328 
3366864 
3366904 
3368872 
3369056 
3369880 
3369912 
3370592 
3370920 
3371080 
3371416 
3371608 
3372568 
3374024 
3374064 
3374128 
3374152 
3375016 
3375520 
3375664 
3377264 
3377432 
3379848 
3380784 
3381376 
3382424 
3384360 
3386544 
3388784 
3388904 
3388944 
3390000 
3390040 
3390224 
3391664 
3391904 
3392104 
3392904 
3393056 
3393168 
3394520 
3394760 
3395296 
3396280 
3396960 
3397160 
3398256 
3399112 
3399584 
3401176 
3401208 
3401888 
3402000 
3402280 
3402448 
3402968 
3403864 
3404576 
3405064 
3405784 
3405984 
3406984 
3407016 
3407352 
3408152 
3408352 
3408472 
3410096 
3410216 
3410920 
3411784 
3412448 
3412488 
3412608 
3413256 
3413896 
3414864 
3415208 
3415384 
3415784 
3418736 
3419944 
3420464 
3421648 
3422328 
3422704 
3422736 
3423968 
3426608 
3427216 
3428080 
3428456 
3429232 
3429336 
3430176 
3433456 
3436024 
3436368 
3436424 
3436544 
3437080 
3437200 
3437360 
3438552 
3438600 
3439048 
3440224 
3441048 
3441728 
3442656 
3442888 
3443424 
3444184 
3444200 
3444456 
3445784 
3446848 
3446896 
3447112 
3447120 
3448312 
3448896 
3449632 
3450464 
3451872 
3453056 
3455008 
3455744 
3455976 
3457096 
3457584 
3458160 
3458184 
3458200 
3458280 
3459264 
3460168 
3461040 
3461688 
3462264 
3465168 
3465336 
3465520 
3465712 
3468000 
3468352 
3468672 
3470536 
3471784 
3472360 
3473848 
3473936 
3475184 
3476048 
3477448 
3479304 
3480184 
3480256 
3480328 
3482216 
3482912 
3484320 
3484592 
3484616 
3484864 
3486088 
3487608 
3487696 
3489032 
3491704 
3491904 
3494960 
3496056 
3496432 
3496984 
3497040 
3497072 
3499072 
3500040 
3500832 
3501080 
3501704 
3503392 
3503400 
3503448 
3503624 
3504720 
3505312 
3507504 
3507608 
3508576 
3511536 
3512072 
3513328 
3513784 
3514664 
3516648 
3518480 
3518896 
3519216 
3519752 
3521032 
3524184 
3524944 
3525024 
3525392 
3525664 
3526272 
3527184 
3527864 
3529856 
3530216 
3530992 
3531352 
3532216 
3533744 
3534288 
3535176 
3535464 
3535608 
3535832 
3536152 
3536176 
3536800 
3537480 
3537520 
3538328 
3538936 
3539368 
3539456 
3539872 
3540488 
3541872 
3543808 
3544088 
3545112 
3546120 
3547240 
3547496 
3547520 
3549664 
3550144 
3551704 
3552168 
3552984 
3554104 
3556376 
3557000 
3557184 
3557456 
3557528 
3558728 
3559984 
3561216 
3561824 
3561912 
3564936 
3566040 
3569624 
3572080 
3572536 
3572616 
3574376 
3577056 
3581816 
3582328 
3582920 
3584536 
3585632 
3587024 
3590736 
3591624 
3594648 
3595480 
3596360 
3597552 
3598936 
3601864 
3602440 
3604984 
3605456 
3605968 
3606224 
3607408 
3610464 
3610984 
3612720 
3617120 
3619968 
3622424 
3623000 
3623880 
3624384 
3628192 
3628344 
3629248 
3629840 
3630272 
3632392 
3632864 
3633248 
3637504 
3642296 
3642960 
3643048 
3645512 
3645920 
3646400 
3647192 
3650784 
3655248 
3655960 
3656104 
3658904 
3659568 
3659608 
3660296 
3660608 
3662024 
3662048 
3662424 
3665656 
3667056 
3667392 
3668048 
3670072 
3673912 
3675368 
3677856 
3679936 
3682752 
3682800 
3683040 
3684640 
3686384 
3688256 
3688664 
3690264 
3690824 
3692656 
3692832 
3693984 
3695344 
3697840 
3698112 
3698512 
3699280 
3700320 
3704232 
3707304 
3708008 
3708208 
3709816 
3710968 
3711992 
3712976 
3717552 
3719296 
3720656 
3724264 
3725048 
3725968 
3726496 
3726576 
3735984 
3736728 
3745048 
3753368 
3761728 
3764712 
3766152 
3769376 
3772632 
3773832 
3775440 
3776400 
3776608 
3786816 
3790480 
3791776 
3792168 
3812872 
3814216 
3817224 
3818216 
3818880 
3820360 
3823720 
3827720 
3833008 
3838160 
3851296 
3874736 
3875536 
3892184 
3896024 
3896648 
3905384 
3905688 
3911760 
3917280 
3928608 
3941464 
3953728 
3965608 
3976496 
3977304 
4005792 
4024584 
4028312 
4030368 
4032360 
4043176 
4053208 
4061296 
4062560 
4073752 
4083784 
4124488 
4182672 
4191920 
4228632 
4279944 
4386064 
4399920 
4503280 
4557040 
4634992 
4660872 
4692648 
4765552 
4825648 
4829624 
4884152 
4885160 
4936104 
4941160 
5011824 
5035136 
5059320 
5099712 
5142160 
5152944 
5169760 
5180240 
5216264 
5280984 
5442024 
5735400 
8596320 
