3209320 
3210280 
3216856 
3217032 
3226144 
3229160 
3229808 
3230040 
3231344 
3232168 
3233848 
3233864 
3234824 
3236288 
3236808 
3237328 
3237712 
3237944 
3238864 
3240152 
3243040 
3244800 
3245552 
3245672 
3246752 
3247248 
3247872 
3248352 
3249792 
3249928 
3251448 
3252040 
3252136 
3252504 
3253248 
3253384 
3253832 
3254104 
3254216 
3254632 
3254712 
3255344 
3255496 
3255952 
3257496 
3258824 
3258912 
3259072 
3259576 
3259808 
3259888 
3260224 
3260608 
3261144 
3261288 
3261512 
3261920 
3262608 
3262888 
3263128 
3263440 
3264072 
3264224 
3264528 
3264952 
3265256 
3265392 
3265464 
3265488 
3266336 
3266616 
3266960 
3266976 
3267104 
3267392 
3267704 
3268448 
3268840 
3268856 
3269112 
3269128 
3269528 
3270184 
3270448 
3270856 
3270944 
3271008 
3271560 
3272040 
3272048 
3272056 
3272088 
3272912 
3272936 
3273200 
3273304 
3273424 
3274056 
3274384 
3275392 
3275520 
3276264 
3276312 
3276456 
3277680 
3277864 
3278112 
3278472 
3278768 
3279000 
3279136 
3279136 
3279224 
3279256 
3279272 
3279328 
3280064 
3280792 
3280864 
3281536 
3282312 
3282616 
3282872 
3283128 
3283408 
3283472 
3283792 
3283912 
3283976 
3284528 
3284744 
3284824 
3285104 
3285480 
3286104 
3286344 
3286368 
3286472 
3286832 
3286944 
3287464 
3287464 
3287768 
3287992 
3289080 
3289304 
3289568 
3289752 
3289952 
3289992 
3290016 
3290056 
3290064 
3290080 
3290136 
3290248 
3290944 
3290968 
3290968 
3291752 
3291816 
3292184 
3292216 
3293080 
3293200 
3293336 
3293608 
3293744 
3293768 
3294600 
3294896 
3294928 
3296088 
3296104 
3296800 
3297824 
3297896 
3298048 
3298520 
3298632 
3298848 
3299464 
3299488 
3300272 
3300320 
3300728 
3300856 
3301104 
3301744 
3301784 
3301920 
3302008 
3302232 
3302384 
3302800 
3302840 
3302872 
3303432 
3303600 
3303600 
3303680 
3304424 
3304688 
3305488 
3305736 
3306016 
3306976 
3307336 
3307904 
3308056 
3308152 
3308184 
3308320 
3308384 
3308512 
3308568 
3310440 
3311160 
3311280 
3311432 
3311776 
3311928 
3312432 
3312920 
3313320 
3314400 
3315616 
3315880 
3316864 
3318840 
3318856 
3318936 
3319632 
3319776 
3319800 
3319896 
3319912 
3320128 
3320448 
3321128 
3324656 
3325040 
3325624 
3326024 
3326128 
3326136 
3327160 
3327368 
3328008 
3329880 
3330048 
3330168 
3331256 
3332112 
3333064 
3333728 
3335032 
3335600 
3336472 
3336576 
3337016 
3337248 
3338088 
3338736 
3339456 
3339704 
3339720 
3340840 
3340920 
3341032 
3341224 
3341328 
3341736 
3342424 
3342936 
3344448 
3344512 
3345224 
3345888 
3346400 
3349056 
3349240 
3349880 
3350288 
3351200 
3351400 
3351696 
3352488 
3353296 
3353576 
3353624 
3356080 
3356152 
3358152 
3359344 
3359608 
3360048 
3361256 
3361376 
3363272 
3363680 
3365368 
3366944 
3367040 
3367832 
3368224 
3371024 
3371704 
3373384 
3373456 
3373544 
3374000 
3374664 
3374872 
3375184 
3375600 
3375880 
3375936 
3377168 
3377352 
3378192 
3378288 
3379048 
3379664 
3380160 
3380320 
3380640 
3382008 
3384120 
3384632 
3385416 
3385600 
3386240 
3389368 
3389872 
3389888 
3389944 
3390256 
3390744 
3391384 
3391904 
3393568 
3393568 
3394184 
3394880 
3396480 
3396912 
3397576 
3397808 
3398168 
3398224 
3399208 
3399264 
3400040 
3401416 
3401776 
3402360 
3402720 
3403296 
3403792 
3403984 
3404392 
3404904 
3404912 
3404936 
3405312 
3405384 
3405480 
3405568 
3405624 
3405696 
3405760 
3405888 
3406264 
3406384 
3406784 
3406952 
3407464 
3407496 
3407672 
3408000 
3408056 
3409000 
3409872 
3410192 
3410440 
3411200 
3411376 
3411584 
3411928 
3412280 
3413504 
3414064 
3414216 
3415472 
3417088 
3417192 
3417224 
3417840 
3417904 
3418064 
3418368 
3418792 
3418800 
3418856 
3418960 
3419280 
3419664 
3419872 
3419968 
3420360 
3421336 
3422040 
3422976 
3423888 
3423976 
3424216 
3424552 
3425160 
3425624 
3426080 
3426088 
3427104 
3427872 
3427960 
3428672 
3428752 
3429824 
3431240 
3431496 
3432088 
3432840 
3433032 
3433160 
3433608 
3433624 
3433632 
3433984 
3434096 
3434720 
3435672 
3436576 
3436648 
3436784 
3436808 
3437304 
3438224 
3438472 
3438496 
3439056 
3439112 
3439840 
3440176 
3440200 
3440224 
3440736 
3441896 
3441976 
3442032 
3442104 
3442992 
3443128 
3443624 
3444344 
3444520 
3444648 
3445264 
3445808 
3446888 
3448168 
3448744 
3449016 
3449120 
3449176 
3449592 
3449944 
3450760 
3451648 
3452200 
3452768 
3452912 
3452952 
3453912 
3454520 
3454952 
3455568 
3456344 
3456504 
3456600 
3457168 
3458216 
3458360 
3458408 
3458480 
3461040 
3461192 
3461360 
3461448 
3461504 
3463368 
3463744 
3463768 
3463792 
3464392 
3464592 
3464640 
3464704 
3464872 
3465024 
3465808 
3466360 
3466600 
3466656 
3466856 
3467072 
3467368 
3467400 
3467544 
3468136 
3468632 
3468720 
3468872 
3470032 
3470856 
3470936 
3471072 
3471336 
3471480 
3471608 
3471960 
3472408 
3472504 
3472544 
3473408 
3473560 
3473688 
3474224 
3474336 
3474720 
3475872 
3476216 
3476240 
3476968 
3476984 
3477080 
3477320 
3477640 
3477832 
3478408 
3478552 
3478768 
3479232 
3479296 
3480064 
3480568 
3480752 
3483496 
3483576 
3484072 
3484280 
3484456 
3484640 
3484984 
3486120 
3486152 
3486496 
3487232 
3487288 
3488360 
3488600 
3489416 
3489768 
3489784 
3489984 
3490008 
3490688 
3491304 
3491920 
3493008 
3493456 
3494560 
3494640 
3494696 
3494768 
3495448 
3495512 
3495528 
3496336 
3496336 
3496464 
3496688 
3497136 
3497520 
3498752 
3499808 
3499840 
3500344 
3500520 
3502312 
3502736 
3503256 
3503656 
3507896 
3508528 
3508880 
3511456 
3512336 
3512352 
3512392 
3512728 
3513192 
3513208 
3513360 
3513424 
3513456 
3513552 
3513984 
3514304 
3514840 
3514912 
3515392 
3515720 
3517096 
3517256 
3517552 
3518096 
3518560 
3520208 
3520992 
3521312 
3521312 
3521624 
3522048 
3522152 
3522336 
3522736 
3522752 
3522920 
3525160 
3525904 
3526216 
3526560 
3530056 
3530576 
3530816 
3530872 
3530960 
3531232 
3532384 
3535888 
3536232 
3536288 
3537240 
3538168 
3539248 
3540088 
3540392 
3540424 
3540696 
3541736 
3543336 
3544600 
3547816 
3550896 
3551024 
3551544 
3551768 
3553224 
3553584 
3554152 
3554312 
3555208 
3555288 
3555672 
3555944 
3556408 
3557248 
3558176 
3559208 
3559672 
3560664 
3561432 
3561688 
3563368 
3563736 
3563928 
3564888 
3567128 
3567416 
3567496 
3567904 
3568144 
3568592 
3568840 
3573480 
3574608 
3574840 
3575672 
3578616 
3578664 
3581056 
3582464 
3583760 
3584192 
3584344 
3584936 
3584992 
3585568 
3586184 
3587480 
3588608 
3589256 
3589896 
3591520 
3591584 
3591712 
3594600 
3595080 
3595128 
3595176 
3595448 
3597816 
3598560 
3598560 
3599096 
3601768 
3602080 
3602496 
3604184 
3604512 
3604600 
3605224 
3606232 
3608304 
3609696 
3611896 
3611936 
3612728 
3613408 
3613936 
3615048 
3615272 
3615456 
3617032 
3617184 
3618600 
3618984 
3619256 
3619344 
3619576 
3620312 
3620448 
3621128 
3621360 
3622992 
3623016 
3623528 
3624344 
3625416 
3626896 
3627312 
3627496 
3627792 
3627880 
3628344 
3628720 
3628752 
3629360 
3629400 
3629512 
3629544 
3629768 
3629840 
3630456 
3631208 
3632560 
3632832 
3634264 
3634456 
3634752 
3635664 
3635760 
3636144 
3636376 
3637424 
3638416 
3640472 
3641136 
3641600 
3642176 
3645872 
3646544 
3650432 
3653200 
3653704 
3657072 
3657552 
3657768 
3657904 
3658968 
3659240 
3659856 
3663000 
3665000 
3665184 
3665936 
3666688 
3670064 
3673416 
3673992 
3674040 
3674472 
3676184 
3677296 
3678400 
3680312 
3680408 
3683792 
3684808 
3686336 
3686448 
3686576 
3689528 
3692480 
3693968 
3694672 
3695048 
3696608 
3697536 
3698240 
3699080 
3699784 
3700264 
3700368 
3700784 
3703456 
3703856 
3704728 
3705192 
3705344 
3705952 
3706584 
3708944 
3710432 
3712712 
3713216 
3717680 
3718856 
3719832 
3721016 
3724112 
3724608 
3724656 
3725088 
3730640 
3733704 
3733752 
3735848 
3736544 
3738672 
3743392 
3745544 
3747232 
3747304 
3747376 
3747928 
3748992 
3749352 
3751968 
3752720 
3757280 
3760248 
3761744 
3764448 
3765560 
3767608 
3768848 
3770464 
3771512 
3777192 
3777680 
3778136 
3779328 
3781280 
3782160 
3786824 
3786880 
3787336 
3787600 
3787784 
3789072 
3791272 
3792424 
3793944 
3795712 
3800624 
3800872 
3802136 
3802928 
3804216 
3806688 
3809000 
3809912 
3810760 
3814520 
3818528 
3819704 
3821408 
3825992 
3828808 
3829888 
3830936 
3832192 
3833064 
3847264 
3847736 
3847840 
3848208 
3848600 
3849480 
3850904 
3851296 
3852792 
3857024 
3858312 
3858672 
3858744 
3866336 
3866632 
3873176 
3873928 
3875792 
3896416 
3899568 
3900168 
3900472 
3907424 
3907672 
3909912 
3916464 
3917944 
3923192 
3924008 
3926960 
3931760 
3953960 
3970152 
3972248 
3980712 
3991016 
3992856 
3994168 
3994232 
4000952 
4006832 
4024568 
4052056 
4060432 
4066200 
4068040 
4074736 
4099424 
4125512 
4144216 
4146368 
4164240 
4223008 
4225984 
4247560 
4254184 
4286608 
4358768 
4387016 
4406760 
4458136 
4574512 
4719016 
4728240 
4783224 
4817184 
4846872 
4848032 
4855288 
4929520 
4930640 
4945304 
4953680 
4986032 
5011480 
5048512 
5061336 
5216736 
5222608 
5373096 
5387784 
5434488 
5480880 
5891736 
6635232 
7848800 
