3261056 
3283504 
3286840 
3289808 
3294304 
3296280 
3299800 
3300288 
3302512 
3302904 
3303240 
3304688 
3307920 
3311816 
3313808 
3313840 
3314408 
3315104 
3316480 
3319912 
3320224 
3320544 
3320776 
3321184 
3321992 
3324456 
3324968 
3325600 
3325664 
3326128 
3326912 
3327528 
3328256 
3328656 
3328944 
3329600 
3330440 
3330720 
3330944 
3331224 
3331744 
3332448 
3332648 
3332720 
3335096 
3335360 
3335584 
3335728 
3335800 
3336720 
3337376 
3337472 
3338064 
3338120 
3338192 
3338232 
3339968 
3340568 
3341032 
3341344 
3341432 
3341840 
3341984 
3342416 
3342424 
3342864 
3343560 
3343728 
3343824 
3344072 
3344288 
3344368 
3345160 
3345176 
3345464 
3345528 
3345784 
3346120 
3346472 
3347312 
3347752 
3347776 
3348280 
3348680 
3348872 
3349152 
3349320 
3349664 
3350072 
3350080 
3350240 
3350272 
3350456 
3350808 
3350880 
3350992 
3351112 
3352096 
3352192 
3352224 
3352544 
3352656 
3352800 
3353048 
3353208 
3353760 
3354296 
3354312 
3354336 
3354888 
3355224 
3355336 
3356136 
3356248 
3356384 
3356392 
3356520 
3357456 
3357872 
3358312 
3358472 
3358504 
3358728 
3358760 
3358800 
3359208 
3359320 
3360008 
3360080 
3360272 
3360976 
3361000 
3361064 
3361488 
3361496 
3361624 
3361848 
3362424 
3362504 
3362784 
3363272 
3363384 
3363656 
3363664 
3364888 
3365120 
3365504 
3365624 
3365880 
3366280 
3366760 
3367200 
3368008 
3368088 
3368296 
3368320 
3369528 
3369592 
3370368 
3370720 
3370768 
3371032 
3371064 
3371704 
3371880 
3371944 
3372240 
3372600 
3372832 
3373544 
3373752 
3373792 
3373992 
3374696 
3374864 
3375184 
3375672 
3375952 
3376088 
3376136 
3376216 
3376720 
3377176 
3377192 
3377192 
3377312 
3377704 
3377832 
3378832 
3379248 
3379800 
3380088 
3380360 
3380416 
3380496 
3380560 
3381192 
3381840 
3382352 
3382440 
3383024 
3383368 
3383736 
3383840 
3384288 
3384384 
3384592 
3384960 
3385088 
3385152 
3385288 
3385904 
3386256 
3386968 
3387512 
3387584 
3387600 
3388136 
3388312 
3388424 
3388520 
3389344 
3389344 
3389464 
3390792 
3391304 
3391720 
3392400 
3392808 
3393776 
3394008 
3394040 
3394920 
3395568 
3396248 
3396472 
3397888 
3397936 
3398072 
3398176 
3398384 
3398792 
3399256 
3399520 
3399840 
3400112 
3401200 
3402248 
3402424 
3403424 
3403432 
3404384 
3404752 
3405136 
3405256 
3406320 
3407816 
3408616 
3408688 
3408872 
3408984 
3409232 
3410320 
3411184 
3411448 
3411584 
3412008 
3412280 
3413064 
3413976 
3414216 
3414392 
3414560 
3414768 
3416224 
3416920 
3417192 
3417312 
3419184 
3420376 
3421736 
3422072 
3423496 
3426336 
3428160 
3429336 
3429472 
3430008 
3431552 
3431768 
3432936 
3433424 
3434152 
3434840 
3434872 
3435032 
3436144 
3436192 
3436200 
3439152 
3439712 
3441032 
3441032 
3441352 
3441432 
3441936 
3442104 
3442600 
3443872 
3444304 
3444856 
3445056 
3445360 
3445864 
3446192 
3446384 
3446816 
3447872 
3449640 
3450960 
3451336 
3453200 
3453464 
3457096 
3457832 
3458608 
3458632 
3458928 
3459256 
3460184 
3460704 
3460960 
3461264 
3461376 
3462840 
3463016 
3463256 
3464664 
3465120 
3465360 
3465576 
3465672 
3466480 
3466912 
3467024 
3467168 
3468392 
3469408 
3470048 
3470792 
3471952 
3471960 
3472032 
3472936 
3473808 
3473936 
3474424 
3475416 
3475448 
3476344 
3476424 
3476912 
3477528 
3477688 
3477776 
3477912 
3478480 
3480056 
3480320 
3480352 
3480656 
3480752 
3481224 
3481592 
3481920 
3481928 
3483384 
3483968 
3484048 
3484264 
3484792 
3485904 
3486384 
3486896 
3487512 
3488176 
3489688 
3490248 
3490872 
3493632 
3494096 
3495528 
3495800 
3495816 
3495856 
3496192 
3496352 
3496352 
3496528 
3497440 
3497992 
3499552 
3499560 
3499624 
3499968 
3500560 
3500688 
3501576 
3501712 
3501720 
3502208 
3502672 
3502696 
3503392 
3503656 
3503824 
3504080 
3504184 
3505176 
3505528 
3505768 
3505944 
3506240 
3507160 
3507824 
3508864 
3509400 
3509448 
3510128 
3510152 
3511080 
3512232 
3512288 
3512456 
3512792 
3513008 
3513328 
3513624 
3513672 
3513928 
3514504 
3514536 
3514720 
3514936 
3515288 
3516120 
3516872 
3517088 
3517312 
3517648 
3518240 
3518744 
3519160 
3520824 
3521016 
3521512 
3521968 
3522240 
3522480 
3522856 
3523112 
3523312 
3523408 
3523472 
3523872 
3524224 
3524256 
3524360 
3524672 
3524704 
3525224 
3525504 
3527048 
3527088 
3527520 
3527920 
3528112 
3528240 
3528704 
3529104 
3529832 
3532440 
3533344 
3533472 
3533664 
3533920 
3534312 
3534864 
3534992 
3535640 
3535896 
3536152 
3537288 
3537504 
3537640 
3538032 
3538288 
3539056 
3539944 
3540016 
3541200 
3543040 
3543320 
3543800 
3543896 
3544000 
3544632 
3544976 
3545344 
3546504 
3546672 
3546720 
3546984 
3548648 
3549736 
3550120 
3550240 
3550616 
3551096 
3551200 
3551256 
3551336 
3551592 
3552488 
3553328 
3554296 
3557272 
3557760 
3558008 
3558992 
3559000 
3559168 
3559192 
3559664 
3560024 
3560080 
3560120 
3560208 
3560360 
3560856 
3561192 
3563168 
3563456 
3564088 
3564184 
3564232 
3564840 
3565016 
3565800 
3565872 
3565888 
3567824 
3568712 
3568712 
3568856 
3569736 
3570104 
3570632 
3571744 
3571784 
3572624 
3574296 
3574472 
3575344 
3575760 
3576632 
3577368 
3578040 
3578592 
3579368 
3580696 
3582744 
3583216 
3583280 
3583544 
3583944 
3584360 
3584832 
3584864 
3584944 
3585496 
3585864 
3586224 
3586688 
3586688 
3586736 
3588216 
3588704 
3589552 
3590064 
3590216 
3590480 
3590504 
3590608 
3591840 
3591872 
3592000 
3592152 
3593536 
3593616 
3594000 
3594624 
3594696 
3595808 
3596152 
3596368 
3596880 
3598920 
3599040 
3599304 
3599520 
3599992 
3600376 
3601808 
3601912 
3602816 
3602896 
3603024 
3604328 
3605504 
3606232 
3607096 
3607864 
3607928 
3608144 
3608472 
3609472 
3610656 
3610904 
3611448 
3612528 
3612544 
3612600 
3612624 
3612720 
3613088 
3613576 
3614696 
3616120 
3616304 
3617984 
3618496 
3620576 
3621224 
3621712 
3621824 
3622200 
3622296 
3625304 
3625464 
3625504 
3625752 
3626032 
3627200 
3628384 
3628760 
3629408 
3629600 
3629632 
3630752 
3631328 
3631504 
3632616 
3633080 
3633120 
3633184 
3633368 
3634104 
3636368 
3636696 
3640464 
3640984 
3643624 
3643736 
3644872 
3645416 
3645664 
3646728 
3646904 
3647208 
3647504 
3648368 
3648400 
3649632 
3649872 
3650296 
3650400 
3651496 
3652096 
3652216 
3653592 
3653648 
3654608 
3654720 
3654840 
3655888 
3656224 
3657448 
3657880 
3659480 
3660504 
3660888 
3661792 
3661896 
3662096 
3662160 
3662416 
3663432 
3663992 
3664456 
3664816 
3665144 
3665328 
3669112 
3669608 
3669800 
3669856 
3673528 
3674592 
3675000 
3675872 
3676072 
3678960 
3680064 
3680312 
3680440 
3680552 
3681176 
3684800 
3685464 
3685520 
3686072 
3686312 
3686528 
3686664 
3687312 
3688160 
3688208 
3688768 
3689520 
3689976 
3690336 
3691696 
3692464 
3694624 
3696576 
3697872 
3698312 
3698528 
3699112 
3699320 
3699376 
3700176 
3700432 
3700472 
3700720 
3701016 
3702040 
3702576 
3702976 
3703360 
3703672 
3703880 
3705144 
3705240 
3705448 
3705520 
3707152 
3707776 
3708640 
3708800 
3709088 
3709896 
3709952 
3710208 
3710584 
3711392 
3712280 
3714072 
3715640 
3717848 
3719984 
3720320 
3722736 
3724792 
3726056 
3727264 
3728984 
3733952 
3734712 
3734816 
3735808 
3736416 
3737352 
3739088 
3739560 
3743640 
3745448 
3748272 
3749176 
3751832 
3752448 
3753160 
3753216 
3754432 
3754704 
3756376 
3757752 
3760656 
3762128 
3762408 
3762472 
3762672 
3763264 
3764976 
3765784 
3766256 
3766312 
3766808 
3767336 
3769512 
3769600 
3771784 
3773008 
3780408 
3782392 
3782496 
3786656 
3786672 
3786792 
3787096 
3787936 
3788200 
3791800 
3798528 
3799728 
3800024 
3800720 
3802064 
3802288 
3802592 
3807544 
3807920 
3809056 
3810656 
3810672 
3811616 
3812088 
3812952 
3814560 
3815208 
3816368 
3817080 
3817576 
3819248 
3820144 
3820272 
3823056 
3826040 
3827064 
3827528 
3828112 
3829672 
3830184 
3836776 
3838440 
3839832 
3841872 
3842240 
3843064 
3845152 
3845376 
3847232 
3853496 
3854640 
3855112 
3855272 
3855728 
3858912 
3860184 
3866120 
3867136 
3870216 
3870936 
3871912 
3872384 
3872888 
3873736 
3875768 
3876232 
3881240 
3883016 
3885120 
3888440 
3888504 
3895000 
3895424 
3899536 
3901480 
3901832 
3901864 
3902680 
3903256 
3903728 
3905560 
3906624 
3908448 
3915792 
3917968 
3919680 
3921448 
3927360 
3929408 
3934176 
3947136 
3947472 
3949792 
3949880 
3954248 
3954800 
3956544 
3958368 
3960096 
3971640 
3974928 
3980336 
3988208 
3992576 
3998184 
3998352 
3999256 
4000192 
4005208 
4011920 
4013464 
4017784 
4021008 
4027232 
4033024 
4039608 
4049088 
4053816 
4056352 
4066320 
4096904 
4098304 
4101584 
4104216 
4113864 
4115320 
4116408 
4116816 
4137408 
4138904 
4163320 
4178872 
4182208 
4212000 
4217912 
4225928 
4228808 
4235752 
4243184 
4258336 
4338216 
4344952 
4365840 
4373288 
4417552 
4433056 
4444608 
4447184 
4468104 
4469552 
4543120 
4606976 
4609224 
4655808 
4689816 
4708984 
4712472 
4843912 
4847992 
4863104 
4885920 
4901904 
4940680 
4968416 
5041560 
5080056 
5102408 
5245080 
5276448 
5277952 
5280144 
5295840 
5304344 
5435680 
5482816 
6777296 
