3141592 
3154392 
3158160 
3170304 
3174072 
3174688 
3175520 
3177632 
3179136 
3180080 
3180512 
3180544 
3180792 
3180968 
3182736 
3182808 
3182920 
3184512 
3185160 
3185232 
3185296 
3185408 
3186248 
3187248 
3188064 
3188304 
3191576 
3192392 
3192400 
3193544 
3194088 
3194480 
3195584 
3196008 
3196072 
3197352 
3197592 
3198064 
3198184 
3198192 
3198584 
3198728 
3198928 
3199000 
3200152 
3200184 
3201024 
3203272 
3203448 
3203488 
3204168 
3205392 
3205712 
3206256 
3206536 
3206664 
3206936 
3207056 
3207168 
3207248 
3207312 
3207440 
3207872 
3207888 
3208064 
3209064 
3209200 
3209728 
3209840 
3209856 
3210024 
3210992 
3211040 
3211192 
3212264 
3212960 
3213056 
3214056 
3214088 
3214512 
3215616 
3215824 
3215832 
3217184 
3217208 
3217432 
3217936 
3218648 
3218696 
3218712 
3219072 
3219424 
3219528 
3219720 
3219944 
3220840 
3220984 
3220992 
3221512 
3221992 
3222496 
3222536 
3222712 
3223136 
3223936 
3224080 
3224544 
3224600 
3224672 
3224728 
3224872 
3225456 
3225600 
3225880 
3225896 
3226264 
3227152 
3227616 
3227736 
3227816 
3227968 
3228600 
3228832 
3229864 
3230448 
3230808 
3231312 
3231592 
3231600 
3231840 
3231848 
3231936 
3232120 
3232144 
3232200 
3232328 
3232520 
3232760 
3233520 
3233776 
3233784 
3234088 
3234240 
3234472 
3235104 
3235160 
3235480 
3236312 
3236376 
3236792 
3237152 
3237392 
3237424 
3237648 
3237736 
3238208 
3238280 
3238312 
3238432 
3238480 
3238704 
3238784 
3239512 
3239520 
3239664 
3239904 
3239968 
3240008 
3240224 
3241344 
3241592 
3241640 
3242632 
3242784 
3242888 
3243120 
3243232 
3243464 
3243504 
3244352 
3244928 
3246104 
3246416 
3246784 
3246856 
3246856 
3247144 
3247272 
3248584 
3249488 
3249776 
3249896 
3250272 
3250336 
3250880 
3251104 
3251128 
3251352 
3251616 
3251688 
3251784 
3252120 
3252216 
3252864 
3252888 
3252960 
3253480 
3254008 
3254384 
3254464 
3254552 
3254712 
3254864 
3254912 
3255024 
3255064 
3255240 
3255384 
3255984 
3256232 
3256416 
3256544 
3257680 
3258144 
3258328 
3258392 
3258576 
3258672 
3259376 
3259552 
3259584 
3259936 
3260160 
3260608 
3260720 
3261520 
3261672 
3261872 
3262064 
3262648 
3262664 
3263072 
3263632 
3263824 
3264088 
3264208 
3264616 
3265128 
3266888 
3267280 
3267768 
3267808 
3267864 
3267896 
3268672 
3268928 
3269624 
3270048 
3270264 
3272104 
3273312 
3273696 
3273856 
3273872 
3274200 
3274776 
3276464 
3277352 
3277912 
3278632 
3279344 
3280632 
3281352 
3281784 
3282024 
3282224 
3282368 
3282744 
3282872 
3283152 
3285576 
3285648 
3286904 
3288008 
3288872 
3288920 
3289592 
3290176 
3290784 
3292936 
3293472 
3293840 
3294176 
3294416 
3295584 
3296008 
3296232 
3296416 
3296840 
3297288 
3297496 
3297544 
3299048 
3299128 
3299800 
3300024 
3300120 
3300296 
3301400 
3301808 
3302264 
3302872 
3303264 
3303424 
3303616 
3304360 
3305304 
3305472 
3306304 
3307280 
3307328 
3308624 
3309048 
3310168 
3310576 
3311328 
3311368 
3313024 
3313136 
3313472 
3314896 
3315104 
3316672 
3318096 
3318672 
3319168 
3320128 
3320208 
3321256 
3321416 
3321488 
3321824 
3322216 
3322256 
3322784 
3323272 
3325200 
3325360 
3327488 
3327672 
3327688 
3327696 
3327800 
3328128 
3329008 
3329168 
3329416 
3329816 
3329936 
3330456 
3332520 
3333000 
3334072 
3334336 
3335464 
3335808 
3335872 
3336208 
3337368 
3337560 
3338744 
3339272 
3339616 
3339888 
3340096 
3341040 
3341104 
3341152 
3344120 
3344816 
3344888 
3345216 
3345384 
3345912 
3346576 
3346656 
3346840 
3347192 
3347704 
3347784 
3347960 
3348208 
3348336 
3348504 
3349088 
3349632 
3349992 
3351848 
3352200 
3352240 
3352424 
3352952 
3353296 
3353728 
3353744 
3355360 
3355792 
3356568 
3357032 
3357848 
3358128 
3358224 
3358936 
3359424 
3359760 
3360976 
3361488 
3362400 
3362664 
3363064 
3363376 
3364120 
3364160 
3364216 
3364272 
3364384 
3364976 
3365504 
3366064 
3366168 
3366336 
3366592 
3366888 
3366976 
3367248 
3367288 
3367488 
3367600 
3367632 
3368592 
3368728 
3368976 
3369288 
3370168 
3370768 
3371280 
3371504 
3372056 
3372072 
3372360 
3372392 
3372512 
3373032 
3373296 
3373744 
3373864 
3374552 
3377088 
3377096 
3377224 
3377240 
3377328 
3377480 
3377560 
3378016 
3378200 
3378944 
3379024 
3379584 
3379744 
3379760 
3380344 
3380816 
3381296 
3382928 
3383792 
3384160 
3384792 
3385168 
3385200 
3385480 
3385792 
3385816 
3385840 
3386112 
3386496 
3387072 
3387992 
3388416 
3389512 
3391128 
3391224 
3391248 
3391272 
3391544 
3391704 
3392912 
3393368 
3394056 
3394072 
3394136 
3394256 
3394368 
3394872 
3396048 
3396232 
3397280 
3397320 
3397480 
3397512 
3397840 
3397936 
3398224 
3398640 
3398896 
3398912 
3398928 
3399312 
3400784 
3400800 
3400896 
3401784 
3401808 
3403392 
3403520 
3405024 
3405728 
3405912 
3406432 
3406848 
3407000 
3407840 
3408552 
3408792 
3409624 
3410408 
3411344 
3411744 
3411752 
3411784 
3412720 
3413880 
3414328 
3414944 
3415792 
3415976 
3416408 
3416488 
3417136 
3417656 
3418088 
3418960 
3419344 
3419392 
3419912 
3420592 
3421304 
3421984 
3422256 
3422480 
3423376 
3424120 
3424568 
3426176 
3428240 
3428920 
3430064 
3430504 
3431216 
3432112 
3432176 
3432808 
3433528 
3433624 
3434056 
3434632 
3435088 
3435208 
3435840 
3436384 
3436808 
3436904 
3437840 
3438080 
3438464 
3438496 
3438952 
3439128 
3439672 
3439720 
3441184 
3441368 
3441520 
3442472 
3443600 
3444016 
3445384 
3446064 
3446360 
3447264 
3447408 
3448008 
3448504 
3448720 
3448832 
3448952 
3449032 
3449272 
3449320 
3450368 
3450616 
3451096 
3452584 
3452984 
3453840 
3453952 
3453952 
3454072 
3456328 
3457208 
3457928 
3459424 
3459688 
3459696 
3460360 
3460512 
3461056 
3461160 
3461496 
3462064 
3462288 
3463456 
3463736 
3465872 
3466280 
3467576 
3468368 
3468584 
3469224 
3469248 
3469592 
3470624 
3471280 
3472072 
3472608 
3472928 
3472968 
3473144 
3474112 
3474120 
3474344 
3474816 
3475616 
3478152 
3480048 
3480240 
3483056 
3483960 
3484120 
3484792 
3485248 
3486336 
3487856 
3490040 
3490608 
3492656 
3493240 
3493376 
3494176 
3494288 
3495304 
3495408 
3495576 
3496408 
3496904 
3497320 
3500096 
3501264 
3501896 
3502984 
3503704 
3504072 
3505008 
3505168 
3505184 
3505464 
3506104 
3506960 
3508440 
3508696 
3511360 
3512704 
3512968 
3514176 
3514592 
3519232 
3520656 
3524016 
3524336 
3524800 
3525464 
3526424 
3527096 
3527496 
3527832 
3528176 
3528320 
3528576 
3529560 
3530632 
3533072 
3533368 
3533472 
3534584 
3536080 
3536200 
3538152 
3539104 
3539352 
3540792 
3541496 
3542752 
3542760 
3543584 
3544104 
3544488 
3545408 
3546136 
3548296 
3548592 
3549728 
3550272 
3551792 
3552232 
3552496 
3552784 
3553264 
3554424 
3556384 
3556984 
3557072 
3557304 
3558784 
3559240 
3560032 
3560576 
3560920 
3561000 
3561032 
3561448 
3563152 
3563752 
3564056 
3564128 
3564304 
3564992 
3565360 
3565688 
3566104 
3568584 
3570296 
3571184 
3571264 
3571472 
3572216 
3572272 
3572520 
3573336 
3574304 
3575528 
3576192 
3576728 
3576824 
3578040 
3578672 
3579400 
3580408 
3580616 
3582616 
3583376 
3584096 
3584312 
3586576 
3587160 
3589032 
3589616 
3590488 
3591848 
3596480 
3596560 
3596872 
3598216 
3598816 
3599864 
3600192 
3601224 
3604056 
3604096 
3604392 
3605464 
3605632 
3607336 
3608224 
3609528 
3609616 
3610328 
3611312 
3612816 
3612840 
3612864 
3613680 
3615000 
3616552 
3623784 
3625496 
3626880 
3627080 
3627728 
3628904 
3629424 
3630232 
3630856 
3631800 
3632832 
3632848 
3636000 
3637696 
3639040 
3639720 
3640744 
3641264 
3644728 
3644872 
3645728 
3646200 
3650384 
3650384 
3651472 
3651744 
3651752 
3652896 
3655968 
3656304 
3657120 
3657416 
3658832 
3659128 
3659984 
3660112 
3662144 
3665664 
3667208 
3672616 
3675192 
3676560 
3676896 
3678568 
3682416 
3683520 
3683624 
3683720 
3686696 
3687536 
3689120 
3689368 
3690584 
3693944 
3695200 
3695672 
3697136 
3701672 
3701864 
3703696 
3705160 
3705616 
3706344 
3707208 
3709056 
3709432 
3714248 
3717384 
3717576 
3717664 
3718208 
3720752 
3722208 
3724320 
3726912 
3729376 
3730000 
3735528 
3737384 
3739568 
3740896 
3741368 
3741864 
3744768 
3745496 
3746232 
3746424 
3747712 
3750144 
3753960 
3760392 
3761512 
3762320 
3762776 
3765440 
3766136 
3767768 
3768512 
3769248 
3785232 
3785448 
3790128 
3791936 
3794208 
3794360 
3798880 
3799336 
3799832 
3800328 
3800424 
3813896 
3815872 
3828120 
3831320 
3836416 
3849208 
3850200 
3855776 
3861912 
3874392 
3881032 
3881064 
3882840 
3889400 
3890600 
3911384 
3918504 
3924872 
3943512 
3943536 
3951104 
3962712 
3984904 
4000520 
4013944 
4035040 
4053040 
4059744 
4077472 
4085128 
4106640 
4109488 
4129736 
4133048 
4139744 
4165288 
4168512 
4205008 
4227816 
4238336 
4305504 
4318744 
4321960 
4358360 
4379056 
4450160 
4522024 
4547264 
4601624 
4631176 
4667872 
4671448 
4768320 
4774416 
4775024 
4798848 
4818152 
4822696 
4841944 
4843376 
4851712 
4853200 
4887824 
4911464 
4940784 
4943536 
4958904 
4982288 
5008640 
5020112 
5022800 
5070984 
5085480 
5090008 
5090968 
5097440 
5428400 
