3585536 
3590896 
3599160 
3600824 
3604584 
3604704 
3605656 
3607776 
3608696 
3609328 
3611472 
3611904 
3612144 
3612824 
3613096 
3614848 
3614944 
3615240 
3615392 
3615440 
3615672 
3616720 
3618600 
3618864 
3619744 
3619936 
3620720 
3621808 
3621864 
3623152 
3623200 
3624160 
3624208 
3624352 
3624480 
3624968 
3626008 
3626304 
3626896 
3627024 
3627704 
3627936 
3627976 
3628016 
3628072 
3628176 
3628744 
3628960 
3629080 
3629416 
3629776 
3629912 
3629952 
3630648 
3631008 
3631304 
3631872 
3631976 
3632168 
3632520 
3632536 
3632864 
3633160 
3633288 
3633392 
3633424 
3633520 
3633792 
3634384 
3634776 
3635256 
3635656 
3635696 
3636608 
3636728 
3637304 
3637656 
3638320 
3638584 
3638648 
3639152 
3639744 
3639872 
3640384 
3640608 
3640984 
3641016 
3641296 
3641416 
3641456 
3643264 
3643280 
3643592 
3643592 
3643704 
3644368 
3644512 
3644864 
3645008 
3645032 
3645680 
3646176 
3646264 
3646424 
3647032 
3647264 
3647304 
3647584 
3647624 
3648144 
3648152 
3648280 
3648328 
3648760 
3649160 
3649168 
3650112 
3650528 
3651176 
3651488 
3651864 
3651912 
3652184 
3652528 
3652872 
3652952 
3653392 
3653808 
3653888 
3654080 
3654304 
3654384 
3654832 
3655280 
3655512 
3655824 
3655920 
3655952 
3656504 
3656728 
3656832 
3657344 
3657432 
3658208 
3658208 
3658792 
3658832 
3659048 
3659424 
3660712 
3661288 
3662640 
3663664 
3663864 
3664528 
3664656 
3665472 
3665688 
3666712 
3666824 
3667008 
3667512 
3667552 
3668080 
3668176 
3668584 
3669496 
3669728 
3670296 
3670296 
3671048 
3671416 
3671912 
3672536 
3674136 
3675824 
3677240 
3677680 
3677824 
3678224 
3679656 
3679880 
3679992 
3680888 
3681160 
3681512 
3681624 
3681752 
3682384 
3682728 
3684080 
3684544 
3685136 
3686688 
3686704 
3687424 
3688328 
3690768 
3690800 
3691424 
3691688 
3692744 
3692744 
3693120 
3693232 
3694288 
3694656 
3695288 
3695672 
3698720 
3699312 
3699864 
3700024 
3701840 
3702864 
3702928 
3704256 
3704592 
3705560 
3706704 
3707408 
3707752 
3707936 
3708296 
3709944 
3710520 
3710632 
3711192 
3711752 
3714344 
3714432 
3715384 
3715744 
3715976 
3716016 
3716776 
3717248 
3718288 
3719832 
3721480 
3722008 
3722208 
3723304 
3725792 
3726208 
3726528 
3727760 
3728560 
3730176 
3730432 
3730952 
3733096 
3733480 
3734360 
3734664 
3735168 
3736040 
3736896 
3737128 
3737888 
3738400 
3738784 
3739728 
3740696 
3740792 
3740928 
3740944 
3741032 
3741752 
3742496 
3743464 
3743600 
3744960 
3745616 
3745728 
3746528 
3746744 
3746800 
3746984 
3747248 
3747800 
3748688 
3748712 
3749352 
3749392 
3750184 
3750240 
3752168 
3752760 
3753632 
3753800 
3754192 
3754808 
3755320 
3756608 
3756920 
3756944 
3757232 
3757304 
3757496 
3757992 
3758160 
3758392 
3759416 
3759784 
3759800 
3760320 
3760960 
3761192 
3761488 
3762088 
3762408 
3762800 
3762928 
3763528 
3764048 
3764104 
3764360 
3764792 
3765536 
3765664 
3766088 
3767096 
3767280 
3767728 
3767792 
3768024 
3769120 
3769688 
3770208 
3770216 
3770704 
3770984 
3771376 
3772136 
3772720 
3772792 
3773200 
3773232 
3773464 
3773792 
3774768 
3775368 
3775960 
3776072 
3776272 
3776528 
3776632 
3777160 
3777504 
3778096 
3778280 
3778368 
3778616 
3778640 
3779224 
3779776 
3779992 
3781296 
3781320 
3781392 
3781456 
3782456 
3782672 
3782816 
3782920 
3783480 
3783640 
3783992 
3784304 
3784312 
3784776 
3785016 
3785128 
3785304 
3786104 
3786576 
3786608 
3786728 
3786800 
3787440 
3787680 
3787944 
3788416 
3789016 
3790376 
3790496 
3791528 
3791560 
3792224 
3792344 
3792896 
3794024 
3794320 
3794440 
3794864 
3795512 
3795976 
3796048 
3796304 
3796928 
3797072 
3797456 
3798008 
3799240 
3799296 
3799824 
3800096 
3800112 
3800408 
3800848 
3801512 
3802208 
3802400 
3802408 
3802840 
3802984 
3803032 
3803104 
3803344 
3803760 
3803808 
3804032 
3804096 
3804120 
3804192 
3804208 
3804256 
3805016 
3805680 
3806000 
3806056 
3806168 
3806344 
3806864 
3807040 
3808152 
3808208 
3808408 
3808496 
3808768 
3809032 
3809120 
3809680 
3809784 
3811768 
3812320 
3812416 
3812624 
3812952 
3813104 
3813160 
3813416 
3813432 
3813856 
3813968 
3814624 
3816152 
3816624 
3817776 
3818448 
3819392 
3819656 
3820104 
3820296 
3820360 
3820408 
3820864 
3821592 
3822456 
3822760 
3822800 
3823080 
3823160 
3824016 
3824408 
3824520 
3824760 
3825632 
3825992 
3826160 
3826184 
3826216 
3826216 
3827064 
3827368 
3828176 
3828624 
3828992 
3829680 
3830848 
3831256 
3831408 
3831744 
3833000 
3833392 
3833656 
3834736 
3835696 
3835944 
3835952 
3836664 
3837016 
3837280 
3837424 
3837656 
3837712 
3837752 
3838552 
3838776 
3839176 
3839672 
3841584 
3841776 
3841856 
3841920 
3842160 
3842616 
3842664 
3842912 
3842992 
3843544 
3843552 
3844272 
3845392 
3845672 
3845680 
3846392 
3847408 
3847496 
3848008 
3848744 
3848832 
3849112 
3849840 
3849928 
3850104 
3850352 
3851232 
3851800 
3851904 
3852128 
3852840 
3853432 
3853520 
3856360 
3857032 
3858288 
3858760 
3858864 
3859136 
3859280 
3859360 
3859400 
3859744 
3860440 
3861296 
3861304 
3861656 
3862744 
3862816 
3864072 
3864136 
3864624 
3866048 
3866432 
3866808 
3867000 
3867416 
3867880 
3868392 
3868416 
3868464 
3868504 
3868992 
3869288 
3870512 
3871048 
3871888 
3872216 
3872416 
3873384 
3873928 
3875184 
3875696 
3876064 
3876104 
3878320 
3878616 
3878744 
3879264 
3880136 
3881160 
3881736 
3882224 
3882312 
3883800 
3883944 
3886736 
3888288 
3889104 
3889248 
3889784 
3889856 
3892368 
3892448 
3892616 
3893440 
3893624 
3894320 
3894448 
3895728 
3897112 
3897128 
3897336 
3898344 
3898864 
3899560 
3899832 
3900880 
3901008 
3902752 
3902800 
3903984 
3904152 
3904432 
3905680 
3906264 
3906288 
3907008 
3907416 
3908096 
3908680 
3909104 
3909384 
3909592 
3910768 
3911096 
3914128 
3915136 
3915360 
3915472 
3916784 
3917856 
3917864 
3922936 
3923608 
3924392 
3924656 
3925248 
3925872 
3926576 
3927256 
3927512 
3928312 
3930688 
3931168 
3931360 
3931752 
3932632 
3932752 
3933096 
3934224 
3934328 
3934608 
3935424 
3935696 
3935800 
3935944 
3937640 
3938168 
3938728 
3939128 
3939440 
3940208 
3941472 
3941728 
3941944 
3942536 
3943480 
3945056 
3946064 
3949864 
3951608 
3951688 
3952048 
3952336 
3952688 
3953328 
3954416 
3954584 
3955624 
3955728 
3956312 
3956440 
3956864 
3958880 
3958888 
3962664 
3963840 
3963960 
3964152 
3966328 
3968216 
3968328 
3968568 
3968760 
3969424 
3969552 
3970312 
3971312 
3972592 
3975568 
3975872 
3976496 
3977200 
3977648 
3977952 
3978632 
3979296 
3980152 
3980496 
3982304 
3982872 
3985000 
3985504 
3986576 
3986800 
3988224 
3988272 
3988392 
3989656 
3989776 
3990008 
3990048 
3990680 
3991544 
3991704 
3993176 
3999448 
3999576 
3999824 
3999936 
4001272 
4001464 
4002568 
4003472 
4003520 
4003712 
4004352 
4004912 
4005264 
4005744 
4005896 
4006816 
4006880 
4007488 
4007720 
4007880 
4008080 
4011160 
4013560 
4013632 
4014032 
4016256 
4017424 
4021552 
4023224 
4024280 
4025256 
4025808 
4026240 
4028952 
4029344 
4029592 
4030280 
4033488 
4034176 
4034480 
4034848 
4035616 
4037352 
4037528 
4037800 
4037880 
4038016 
4038360 
4039816 
4043944 
4044496 
4046704 
4047120 
4049368 
4050256 
4050896 
4051664 
4052208 
4053512 
4053528 
4054272 
4055712 
4058912 
4061064 
4061624 
4062888 
4065728 
4066672 
4067368 
4068096 
4068952 
4071400 
4072472 
4074368 
4075536 
4077592 
4079672 
4079720 
4082336 
4083392 
4086776 
4088536 
4092848 
4093232 
4094424 
4095840 
4096024 
4096400 
4098936 
4099032 
4100480 
4100640 
4102344 
4105000 
4105504 
4106536 
4107616 
4107624 
4109696 
4109992 
4117288 
4119840 
4120568 
4121224 
4125032 
4127232 
4127488 
4128424 
4128632 
4129248 
4134176 
4137336 
4137392 
4138320 
4138416 
4139160 
4139712 
4139824 
4140008 
4142336 
4143224 
4144584 
4144920 
4145528 
4146680 
4148808 
4149168 
4149696 
4155256 
4155744 
4158208 
4159424 
4161672 
4163248 
4163992 
4164640 
4165208 
4166552 
4166832 
4168816 
4170544 
4171368 
4171480 
4173192 
4174312 
4175384 
4178560 
4179480 
4181536 
4182104 
4184624 
4185848 
4186880 
4187976 
4194416 
4194744 
4195464 
4198416 
4199928 
4200720 
4201008 
4201144 
4203792 
4207344 
4216632 
4219168 
4229688 
4231280 
4232728 
4233520 
4234848 
4239888 
4241776 
4244008 
4248568 
4251360 
4253096 
4256528 
4260120 
4262392 
4263488 
4266144 
4269048 
4272984 
4274880 
4277616 
4278800 
4280776 
4281544 
4282216 
4284760 
4286736 
4300904 
4307944 
4322656 
4328968 
4336136 
4339672 
4340232 
4347800 
4354232 
4358208 
4362224 
4363464 
4372120 
4376464 
4381856 
4383224 
4392032 
4394608 
4405352 
4409440 
4416744 
4419344 
4425368 
4426368 
4455688 
4456736 
4493800 
4503160 
4525984 
4567440 
4582040 
4590840 
4597288 
4607864 
4635976 
4640872 
4681344 
4683744 
4733168 
4934664 
4970432 
4981496 
5058736 
5300536 
5345000 
5389536 
5430120 
5451512 
5556880 
5605568 
5817712 
5817912 
5821920 
5846336 
5871248 
5890128 
5923336 
5935568 
5940288 
5965296 
5986240 
6029784 
6073736 
6080696 
6082064 
6273320 
6378408 
7359096 
7778504 
