3747360 
3759648 
3762608 
3769120 
3773472 
3776352 
3778720 
3778864 
3779296 
3782592 
3782976 
3788800 
3789088 
3789112 
3790584 
3791520 
3791856 
3792096 
3793984 
3794360 
3794800 
3795608 
3795608 
3796920 
3797448 
3797704 
3797864 
3797944 
3798352 
3798624 
3799728 
3801072 
3801560 
3801984 
3803192 
3803360 
3803920 
3804208 
3804232 
3804240 
3804640 
3805216 
3805560 
3807448 
3807600 
3807872 
3808616 
3810440 
3811048 
3811512 
3811712 
3811736 
3812768 
3813384 
3813496 
3814424 
3815152 
3815544 
3816024 
3816608 
3817152 
3817288 
3817568 
3818064 
3818192 
3818344 
3818360 
3818568 
3819280 
3819808 
3820496 
3820632 
3821368 
3821832 
3821952 
3822040 
3822120 
3823536 
3823688 
3823832 
3824248 
3824376 
3825008 
3825320 
3825728 
3826120 
3826528 
3826608 
3826712 
3826720 
3826984 
3827016 
3827112 
3827512 
3827584 
3827864 
3828200 
3828280 
3829088 
3829896 
3830336 
3830400 
3830760 
3831376 
3831408 
3831432 
3831744 
3831920 
3832256 
3833016 
3833192 
3833360 
3833400 
3833408 
3833792 
3834824 
3835592 
3835784 
3836616 
3836848 
3837376 
3837768 
3837856 
3838592 
3839720 
3839912 
3839920 
3839992 
3840088 
3840760 
3841160 
3841192 
3841328 
3841912 
3842232 
3842416 
3843080 
3843360 
3843432 
3843632 
3843888 
3844088 
3844776 
3844952 
3845336 
3845496 
3845712 
3847616 
3847808 
3849712 
3849816 
3849832 
3850408 
3850800 
3850896 
3851912 
3852344 
3852872 
3853312 
3853800 
3854080 
3854840 
3854944 
3855392 
3856200 
3856296 
3857064 
3858112 
3858272 
3860144 
3860616 
3860816 
3860824 
3861088 
3861992 
3862152 
3862608 
3864048 
3865448 
3865544 
3865632 
3865856 
3866032 
3866112 
3866232 
3866968 
3868088 
3868792 
3869144 
3869872 
3870232 
3870408 
3872680 
3872712 
3872792 
3872800 
3873608 
3873872 
3874064 
3874336 
3874480 
3874488 
3874736 
3875264 
3875592 
3875904 
3875968 
3876552 
3877008 
3877256 
3877376 
3877656 
3878104 
3878248 
3878504 
3879448 
3880416 
3880792 
3881928 
3882208 
3882544 
3882640 
3883456 
3884376 
3884448 
3884712 
3884712 
3885008 
3885064 
3886936 
3887008 
3887104 
3887856 
3889304 
3890208 
3890592 
3890840 
3892944 
3893448 
3895864 
3896952 
3899680 
3900136 
3901144 
3901184 
3901720 
3902280 
3903552 
3905344 
3905680 
3905920 
3906576 
3909696 
3909808 
3909816 
3911152 
3911192 
3911840 
3911896 
3911992 
3914056 
3914376 
3914792 
3916888 
3917160 
3917384 
3917528 
3917696 
3920056 
3922336 
3922808 
3923120 
3923432 
3923808 
3924480 
3924872 
3927704 
3930408 
3930832 
3931120 
3932440 
3932904 
3933232 
3933304 
3934312 
3934768 
3934776 
3935128 
3935248 
3937176 
3937320 
3938208 
3938224 
3938800 
3938976 
3939016 
3939448 
3939704 
3939776 
3939784 
3939976 
3939992 
3940040 
3940064 
3940672 
3940856 
3941264 
3941376 
3941512 
3941960 
3942912 
3943704 
3943976 
3945008 
3945280 
3945560 
3946344 
3947048 
3947416 
3948144 
3948504 
3949576 
3949592 
3951344 
3951352 
3952432 
3953040 
3954160 
3954456 
3954536 
3955176 
3955360 
3955392 
3955632 
3955816 
3955976 
3956016 
3956216 
3956992 
3957544 
3957640 
3958240 
3958712 
3958864 
3959024 
3959064 
3959096 
3959312 
3959608 
3959672 
3959752 
3961552 
3962096 
3962544 
3962600 
3963776 
3963800 
3964032 
3964056 
3964840 
3966008 
3966136 
3966384 
3967040 
3967048 
3967304 
3968032 
3968224 
3969680 
3969680 
3969696 
3969952 
3969992 
3969992 
3970424 
3970736 
3971448 
3971536 
3972496 
3972920 
3973040 
3973248 
3973304 
3974160 
3974688 
3974760 
3975408 
3976152 
3977184 
3977184 
3977960 
3978184 
3978256 
3978272 
3978400 
3978792 
3978888 
3978928 
3979072 
3979584 
3980200 
3980208 
3980904 
3981200 
3981472 
3981944 
3982632 
3983408 
3983448 
3983880 
3984016 
3985160 
3985648 
3985792 
3985848 
3985976 
3986800 
3986816 
3987824 
3987832 
3988008 
3988016 
3988248 
3988280 
3988648 
3988768 
3988776 
3988872 
3989680 
3990040 
3990216 
3990888 
3991168 
3991608 
3992528 
3992784 
3993048 
3993056 
3993448 
3993800 
3994216 
3994576 
3994592 
3994984 
3995024 
3995176 
3996288 
3996752 
3996872 
3997176 
3997264 
3997288 
3997680 
3998544 
3998872 
3998880 
3999800 
4000144 
4000160 
4000192 
4000304 
4000352 
4000632 
4000888 
4001664 
4002352 
4002408 
4003392 
4003472 
4003536 
4003744 
4003824 
4003864 
4004368 
4004480 
4004664 
4005216 
4005584 
4006960 
4007080 
4008040 
4009336 
4009896 
4011416 
4012032 
4012056 
4013056 
4013176 
4013376 
4013408 
4014144 
4014304 
4014736 
4014888 
4014944 
4014952 
4015600 
4015728 
4017184 
4018272 
4018440 
4018552 
4018624 
4019048 
4019336 
4020280 
4020448 
4020576 
4020728 
4021344 
4021640 
4022880 
4023368 
4025712 
4026296 
4026328 
4026472 
4027096 
4028192 
4028952 
4029112 
4029440 
4029824 
4030408 
4030544 
4030864 
4031040 
4031072 
4031128 
4031264 
4031416 
4032312 
4033704 
4033848 
4033888 
4033984 
4034088 
4034440 
4034608 
4035200 
4036192 
4036920 
4037152 
4038016 
4038376 
4038592 
4039024 
4039224 
4039304 
4039568 
4040256 
4040288 
4040576 
4041448 
4041568 
4042688 
4042712 
4043144 
4043768 
4043896 
4044176 
4045072 
4045992 
4046128 
4046480 
4046792 
4047048 
4047776 
4048032 
4048936 
4049336 
4050200 
4051088 
4051736 
4052456 
4052504 
4052912 
4053568 
4054488 
4055224 
4055672 
4055800 
4055976 
4056616 
4057184 
4057952 
4058752 
4059024 
4059384 
4059504 
4060088 
4060632 
4060696 
4061544 
4062464 
4062824 
4063384 
4063696 
4063808 
4064440 
4065048 
4065536 
4065664 
4065912 
4065960 
4066256 
4066632 
4066736 
4069432 
4072032 
4072952 
4073176 
4074096 
4074672 
4075720 
4076224 
4076536 
4076560 
4076560 
4076728 
4077080 
4077264 
4077368 
4078600 
4078888 
4079304 
4081184 
4081488 
4082992 
4083168 
4085104 
4085440 
4085968 
4086032 
4086032 
4087352 
4087984 
4088248 
4089520 
4089544 
4089928 
4090728 
4092000 
4092296 
4092472 
4093000 
4093624 
4094400 
4094456 
4094968 
4095408 
4095552 
4097744 
4097880 
4098304 
4098456 
4099480 
4099704 
4099744 
4099864 
4101336 
4102600 
4105560 
4106000 
4106264 
4108824 
4109128 
4112600 
4114048 
4114304 
4115560 
4116400 
4117224 
4117688 
4119232 
4119728 
4121464 
4121616 
4121904 
4122864 
4124032 
4126872 
4126960 
4127616 
4128088 
4128520 
4129080 
4130760 
4131432 
4135736 
4137512 
4137728 
4140912 
4141960 
4142960 
4143216 
4143512 
4143624 
4145848 
4146272 
4146304 
4146768 
4147336 
4149256 
4149856 
4151608 
4151672 
4151904 
4152784 
4153272 
4153392 
4154680 
4155056 
4155272 
4156144 
4156528 
4156904 
4157072 
4161176 
4161272 
4161616 
4162544 
4162920 
4163728 
4165360 
4166792 
4166864 
4168016 
4168248 
4169560 
4170936 
4171688 
4172312 
4175600 
4176048 
4176368 
4176696 
4176768 
4176768 
4177040 
4179504 
4179856 
4181512 
4182480 
4183280 
4184160 
4184608 
4184792 
4186472 
4188184 
4188576 
4193464 
4194400 
4197200 
4198672 
4198936 
4200136 
4203368 
4203632 
4204104 
4208112 
4209528 
4209616 
4210400 
4213080 
4213232 
4213592 
4214984 
4215128 
4215376 
4216256 
4216408 
4216944 
4217448 
4217584 
4220832 
4221152 
4222616 
4224320 
4224568 
4224776 
4225104 
4227448 
4228352 
4228544 
4229056 
4230200 
4230560 
4231496 
4232416 
4234080 
4235224 
4235240 
4235280 
4236744 
4238560 
4238640 
4238640 
4241080 
4244576 
4244840 
4249584 
4254888 
4258760 
4259008 
4259416 
4262048 
4262472 
4262720 
4262832 
4263592 
4265448 
4266288 
4268872 
4272920 
4273968 
4274648 
4276208 
4276968 
4278016 
4278352 
4282864 
4283456 
4284128 
4286824 
4289840 
4290376 
4290528 
4291528 
4292792 
4293456 
4297888 
4298632 
4299736 
4300272 
4303544 
4303752 
4307608 
4307640 
4308728 
4313584 
4313640 
4313664 
4315520 
4315560 
4319888 
4321480 
4325968 
4328232 
4328720 
4329824 
4331664 
4333808 
4334608 
4334968 
4335376 
4336488 
4336512 
4337072 
4338176 
4343208 
4343312 
4343528 
4344864 
4346616 
4346944 
4348800 
4349224 
4350160 
4354480 
4355176 
4356080 
4360352 
4360648 
4360928 
4361880 
4363848 
4369840 
4373424 
4373448 
4377336 
4377848 
4380656 
4380752 
4381808 
4384848 
4385848 
4387328 
4389056 
4389096 
4389136 
4389560 
4389936 
4390800 
4391688 
4395840 
4397064 
4402048 
4402800 
4404960 
4404984 
4411816 
4415304 
4416160 
4419376 
4422072 
4422112 
4423528 
4425632 
4427312 
4434048 
4436320 
4446872 
4451584 
4453032 
4453416 
4456440 
4457656 
4458048 
4462464 
4463176 
4481352 
4482416 
4482536 
4485056 
4486176 
4506264 
4519080 
4520736 
4521664 
4529032 
4530768 
4531792 
4548208 
4557088 
4564648 
4567816 
4581472 
4586560 
4598288 
4600368 
4603984 
4606528 
4616176 
4623320 
4651256 
4657080 
4658856 
4661320 
4685112 
4685184 
4685968 
4686752 
4688360 
4719080 
4734864 
4736240 
4752848 
4771120 
4781472 
4798384 
4835824 
4890192 
4937312 
4955112 
5166344 
5171568 
5172864 
5241008 
5266144 
5304992 
5318576 
5340032 
5408648 
5467264 
5519184 
5653944 
5896688 
5912912 
5988160 
6102992 
6109296 
6168296 
6193368 
6194872 
6226752 
6267392 
6292136 
6316496 
6318816 
6322624 
6372776 
6420992 
6421080 
6597848 
6800504 
6899776 
7071792 
7719448 
7999264 
