3022288 	11147504 	3261056 	3747360 	3141592 	3209320 	3585536 
3035920 	3110448 	3283504 	3759648 	3154392 	3210280 	3590896 
3038672 	3112784 	3286840 	3762608 	3158160 	3216856 	3599160 
3039152 	3114976 	3289808 	3769120 	3170304 	3217032 	3600824 
3040336 	3118584 	3294304 	3773472 	3174072 	3226144 	3604584 
3040608 	3119976 	3296280 	3776352 	3174688 	3229160 	3604704 
3045968 	3123696 	3299800 	3778720 	3175520 	3229808 	3605656 
3047496 	3124968 	3300288 	3778864 	3177632 	3230040 	3607776 
3047848 	3127064 	3302512 	3779296 	3179136 	3231344 	3608696 
3049088 	3128408 	3302904 	3782592 	3180080 	3232168 	3609328 
3049752 	3128416 	3303240 	3782976 	3180512 	3233848 	3611472 
3051824 	3129200 	3304688 	3788800 	3180544 	3233864 	3611904 
3051888 	3130328 	3307920 	3789088 	3180792 	3234824 	3612144 
3052000 	3131184 	3311816 	3789112 	3180968 	3236288 	3612824 
3052200 	3131440 	3313808 	3790584 	3182736 	3236808 	3613096 
3052664 	3131440 	3313840 	3791520 	3182808 	3237328 	3614848 
3052864 	3136616 	3314408 	3791856 	3182920 	3237712 	3614944 
3052880 	3137432 	3315104 	3792096 	3184512 	3237944 	3615240 
3053144 	3138344 	3316480 	3793984 	3185160 	3238864 	3615392 
3053392 	3138544 	3319912 	3794360 	3185232 	3240152 	3615440 
3053952 	3141344 	3320224 	3794800 	3185296 	3243040 	3615672 
3053984 	3141512 	3320544 	3795608 	3185408 	3244800 	3616720 
3056232 	3145296 	3320776 	3795608 	3186248 	3245552 	3618600 
3058560 	3145520 	3321184 	3796920 	3187248 	3245672 	3618864 
3058760 	3146256 	3321992 	3797448 	3188064 	3246752 	3619744 
3059120 	3146528 	3324456 	3797704 	3188304 	3247248 	3619936 
3059576 	3146904 	3324968 	3797864 	3191576 	3247872 	3620720 
3059704 	3148912 	3325600 	3797944 	3192392 	3248352 	3621808 
3060240 	3149504 	3325664 	3798352 	3192400 	3249792 	3621864 
3060336 	3149520 	3326128 	3798624 	3193544 	3249928 	3623152 
3060456 	3149736 	3326912 	3799728 	3194088 	3251448 	3623200 
3060752 	3149912 	3327528 	3801072 	3194480 	3252040 	3624160 
3063248 	3149960 	3328256 	3801560 	3195584 	3252136 	3624208 
3063336 	3151168 	3328656 	3801984 	3196008 	3252504 	3624352 
3063912 	3152096 	3328944 	3803192 	3196072 	3253248 	3624480 
3063960 	3152720 	3329600 	3803360 	3197352 	3253384 	3624968 
3064424 	3152920 	3330440 	3803920 	3197592 	3253832 	3626008 
3065064 	3153304 	3330720 	3804208 	3198064 	3254104 	3626304 
3065672 	3153304 	3330944 	3804232 	3198184 	3254216 	3626896 
3066664 	3153560 	3331224 	3804240 	3198192 	3254632 	3627024 
3066680 	3153656 	3331744 	3804640 	3198584 	3254712 	3627704 
3067344 	3154024 	3332448 	3805216 	3198728 	3255344 	3627936 
3067424 	3154520 	3332648 	3805560 	3198928 	3255496 	3627976 
3067824 	3156048 	3332720 	3807448 	3199000 	3255952 	3628016 
3069560 	3156488 	3335096 	3807600 	3200152 	3257496 	3628072 
3069872 	3156520 	3335360 	3807872 	3200184 	3258824 	3628176 
3069984 	3156568 	3335584 	3808616 	3201024 	3258912 	3628744 
3070120 	3157432 	3335728 	3810440 	3203272 	3259072 	3628960 
3070184 	3157440 	3335800 	3811048 	3203448 	3259576 	3629080 
3070224 	3157560 	3336720 	3811512 	3203488 	3259808 	3629416 
3070592 	3158552 	3337376 	3811712 	3204168 	3259888 	3629776 
3071360 	3158632 	3337472 	3811736 	3205392 	3260224 	3629912 
3071784 	3158688 	3338064 	3812768 	3205712 	3260608 	3629952 
3072496 	3158800 	3338120 	3813384 	3206256 	3261144 	3630648 
3072632 	3159400 	3338192 	3813496 	3206536 	3261288 	3631008 
3072848 	3159632 	3338232 	3814424 	3206664 	3261512 	3631304 
3073176 	3159936 	3339968 	3815152 	3206936 	3261920 	3631872 
3074008 	3159960 	3340568 	3815544 	3207056 	3262608 	3631976 
3074136 	3159968 	3341032 	3816024 	3207168 	3262888 	3632168 
3074144 	3160408 	3341344 	3816608 	3207248 	3263128 	3632520 
3074288 	3161600 	3341432 	3817152 	3207312 	3263440 	3632536 
3074384 	3161704 	3341840 	3817288 	3207440 	3264072 	3632864 
3074624 	3161832 	3341984 	3817568 	3207872 	3264224 	3633160 
3075824 	3162496 	3342416 	3818064 	3207888 	3264528 	3633288 
3076048 	3163328 	3342424 	3818192 	3208064 	3264952 	3633392 
3076264 	3163376 	3342864 	3818344 	3209064 	3265256 	3633424 
3077328 	3163536 	3343560 	3818360 	3209200 	3265392 	3633520 
3077464 	3164072 	3343728 	3818568 	3209728 	3265464 	3633792 
3077520 	3164536 	3343824 	3819280 	3209840 	3265488 	3634384 
3078096 	3164760 	3344072 	3819808 	3209856 	3266336 	3634776 
3078560 	3164952 	3344288 	3820496 	3210024 	3266616 	3635256 
3078664 	3165432 	3344368 	3820632 	3210992 	3266960 	3635656 
3078672 	3165792 	3345160 	3821368 	3211040 	3266976 	3635696 
3079352 	3166072 	3345176 	3821832 	3211192 	3267104 	3636608 
3079392 	3166896 	3345464 	3821952 	3212264 	3267392 	3636728 
3080000 	3166976 	3345528 	3822040 	3212960 	3267704 	3637304 
3081192 	3167016 	3345784 	3822120 	3213056 	3268448 	3637656 
3081264 	3167048 	3346120 	3823536 	3214056 	3268840 	3638320 
3081592 	3167160 	3346472 	3823688 	3214088 	3268856 	3638584 
3081848 	3167360 	3347312 	3823832 	3214512 	3269112 	3638648 
3081936 	3167832 	3347752 	3824248 	3215616 	3269128 	3639152 
3082528 	3167888 	3347776 	3824376 	3215824 	3269528 	3639744 
3082728 	3168168 	3348280 	3825008 	3215832 	3270184 	3639872 
3082952 	3168592 	3348680 	3825320 	3217184 	3270448 	3640384 
3083104 	3168800 	3348872 	3825728 	3217208 	3270856 	3640608 
3083400 	3168976 	3349152 	3826120 	3217432 	3270944 	3640984 
3084352 	3169056 	3349320 	3826528 	3217936 	3271008 	3641016 
3084672 	3169088 	3349664 	3826608 	3218648 	3271560 	3641296 
3084776 	3169384 	3350072 	3826712 	3218696 	3272040 	3641416 
3085152 	3169472 	3350080 	3826720 	3218712 	3272048 	3641456 
3085296 	3169736 	3350240 	3826984 	3219072 	3272056 	3643264 
3085624 	3169864 	3350272 	3827016 	3219424 	3272088 	3643280 
3085880 	3170296 	3350456 	3827112 	3219528 	3272912 	3643592 
3086088 	3170968 	3350808 	3827512 	3219720 	3272936 	3643592 
3086176 	3171944 	3350880 	3827584 	3219944 	3273200 	3643704 
3086376 	3172104 	3350992 	3827864 	3220840 	3273304 	3644368 
3087120 	3172424 	3351112 	3828200 	3220984 	3273424 	3644512 
3087352 	3172472 	3352096 	3828280 	3220992 	3274056 	3644864 
3087816 	3172664 	3352192 	3829088 	3221512 	3274384 	3645008 
3088536 	3172888 	3352224 	3829896 	3221992 	3275392 	3645032 
3088760 	3173248 	3352544 	3830336 	3222496 	3275520 	3645680 
3088832 	3173256 	3352656 	3830400 	3222536 	3276264 	3646176 
3089224 	3173448 	3352800 	3830760 	3222712 	3276312 	3646264 
3089344 	3173568 	3353048 	3831376 	3223136 	3276456 	3646424 
3089736 	3173696 	3353208 	3831408 	3223936 	3277680 	3647032 
3089760 	3174056 	3353760 	3831432 	3224080 	3277864 	3647264 
3089952 	3174536 	3354296 	3831744 	3224544 	3278112 	3647304 
3090280 	3174568 	3354312 	3831920 	3224600 	3278472 	3647584 
3090752 	3174808 	3354336 	3832256 	3224672 	3278768 	3647624 
3090872 	3175176 	3354888 	3833016 	3224728 	3279000 	3648144 
3091152 	3175184 	3355224 	3833192 	3224872 	3279136 	3648152 
3091336 	3175448 	3355336 	3833360 	3225456 	3279136 	3648280 
3091352 	3175720 	3356136 	3833400 	3225600 	3279224 	3648328 
3091408 	3176080 	3356248 	3833408 	3225880 	3279256 	3648760 
3091456 	3176104 	3356384 	3833792 	3225896 	3279272 	3649160 
3091504 	3176192 	3356392 	3834824 	3226264 	3279328 	3649168 
3091640 	3176376 	3356520 	3835592 	3227152 	3280064 	3650112 
3091752 	3176560 	3357456 	3835784 	3227616 	3280792 	3650528 
3091856 	3176896 	3357872 	3836616 	3227736 	3280864 	3651176 
3091888 	3176896 	3358312 	3836848 	3227816 	3281536 	3651488 
3091920 	3177584 	3358472 	3837376 	3227968 	3282312 	3651864 
3091920 	3178080 	3358504 	3837768 	3228600 	3282616 	3651912 
3092056 	3178320 	3358728 	3837856 	3228832 	3282872 	3652184 
3092320 	3178352 	3358760 	3838592 	3229864 	3283128 	3652528 
3092608 	3178536 	3358800 	3839720 	3230448 	3283408 	3652872 
3093024 	3178776 	3359208 	3839912 	3230808 	3283472 	3652952 
3093224 	3179256 	3359320 	3839920 	3231312 	3283792 	3653392 
3093224 	3179616 	3360008 	3839992 	3231592 	3283912 	3653808 
3093304 	3179904 	3360080 	3840088 	3231600 	3283976 	3653888 
3093616 	3179968 	3360272 	3840760 	3231840 	3284528 	3654080 
3093752 	3180192 	3360976 	3841160 	3231848 	3284744 	3654304 
3094152 	3180368 	3361000 	3841192 	3231936 	3284824 	3654384 
3094208 	3180720 	3361064 	3841328 	3232120 	3285104 	3654832 
3094448 	3180984 	3361488 	3841912 	3232144 	3285480 	3655280 
3094584 	3181512 	3361496 	3842232 	3232200 	3286104 	3655512 
3095456 	3181808 	3361624 	3842416 	3232328 	3286344 	3655824 
3095624 	3182008 	3361848 	3843080 	3232520 	3286368 	3655920 
3095768 	3182320 	3362424 	3843360 	3232760 	3286472 	3655952 
3095872 	3182704 	3362504 	3843432 	3233520 	3286832 	3656504 
3096120 	3183112 	3362784 	3843632 	3233776 	3286944 	3656728 
3096360 	3183472 	3363272 	3843888 	3233784 	3287464 	3656832 
3096976 	3183816 	3363384 	3844088 	3234088 	3287464 	3657344 
3097512 	3184008 	3363656 	3844776 	3234240 	3287768 	3657432 
3097696 	3184008 	3363664 	3844952 	3234472 	3287992 	3658208 
3097920 	3184056 	3364888 	3845336 	3235104 	3289080 	3658208 
3098888 	3184280 	3365120 	3845496 	3235160 	3289304 	3658792 
3099144 	3184640 	3365504 	3845712 	3235480 	3289568 	3658832 
3099176 	3184704 	3365624 	3847616 	3236312 	3289752 	3659048 
3099176 	3185184 	3365880 	3847808 	3236376 	3289952 	3659424 
3099400 	3185240 	3366280 	3849712 	3236792 	3289992 	3660712 
3099616 	3185544 	3366760 	3849816 	3237152 	3290016 	3661288 
3100152 	3186048 	3367200 	3849832 	3237392 	3290056 	3662640 
3100200 	3186056 	3368008 	3850408 	3237424 	3290064 	3663664 
3100416 	3186264 	3368088 	3850800 	3237648 	3290080 	3663864 
3101616 	3186432 	3368296 	3850896 	3237736 	3290136 	3664528 
3102608 	3186512 	3368320 	3851912 	3238208 	3290248 	3664656 
3102648 	3186912 	3369528 	3852344 	3238280 	3290944 	3665472 
3102744 	3187008 	3369592 	3852872 	3238312 	3290968 	3665688 
3103024 	3187488 	3370368 	3853312 	3238432 	3290968 	3666712 
3103336 	3187608 	3370720 	3853800 	3238480 	3291752 	3666824 
3103520 	3188224 	3370768 	3854080 	3238704 	3291816 	3667008 
3103696 	3188264 	3371032 	3854840 	3238784 	3292184 	3667512 
3103872 	3189392 	3371064 	3854944 	3239512 	3292216 	3667552 
3103896 	3190072 	3371704 	3855392 	3239520 	3293080 	3668080 
3103952 	3190528 	3371880 	3856200 	3239664 	3293200 	3668176 
3104232 	3190680 	3371944 	3856296 	3239904 	3293336 	3668584 
3104296 	3190936 	3372240 	3857064 	3239968 	3293608 	3669496 
3104304 	3190968 	3372600 	3858112 	3240008 	3293744 	3669728 
3104520 	3191216 	3372832 	3858272 	3240224 	3293768 	3670296 
3104560 	3191232 	3373544 	3860144 	3241344 	3294600 	3670296 
3105736 	3191696 	3373752 	3860616 	3241592 	3294896 	3671048 
3106408 	3191696 	3373792 	3860816 	3241640 	3294928 	3671416 
3106728 	3191736 	3373992 	3860824 	3242632 	3296088 	3671912 
3106792 	3191872 	3374696 	3861088 	3242784 	3296104 	3672536 
3106904 	3192168 	3374864 	3861992 	3242888 	3296800 	3674136 
3107264 	3192288 	3375184 	3862152 	3243120 	3297824 	3675824 
3107344 	3192560 	3375672 	3862608 	3243232 	3297896 	3677240 
3107464 	3192760 	3375952 	3864048 	3243464 	3298048 	3677680 
3107736 	3192872 	3376088 	3865448 	3243504 	3298520 	3677824 
3108816 	3193664 	3376136 	3865544 	3244352 	3298632 	3678224 
3109128 	3193952 	3376216 	3865632 	3244928 	3298848 	3679656 
3109152 	3193968 	3376720 	3865856 	3246104 	3299464 	3679880 
3109400 	3194144 	3377176 	3866032 	3246416 	3299488 	3679992 
3109568 	3194256 	3377192 	3866112 	3246784 	3300272 	3680888 
3109592 	3194296 	3377192 	3866232 	3246856 	3300320 	3681160 
3109712 	3194560 	3377312 	3866968 	3246856 	3300728 	3681512 
3109840 	3194680 	3377704 	3868088 	3247144 	3300856 	3681624 
3109888 	3194728 	3377832 	3868792 	3247272 	3301104 	3681752 
3111000 	3195176 	3378832 	3869144 	3248584 	3301744 	3682384 
3111072 	3195376 	3379248 	3869872 	3249488 	3301784 	3682728 
3111264 	3196072 	3379800 	3870232 	3249776 	3301920 	3684080 
3111376 	3196576 	3380088 	3870408 	3249896 	3302008 	3684544 
3111424 	3196680 	3380360 	3872680 	3250272 	3302232 	3685136 
3111824 	3196912 	3380416 	3872712 	3250336 	3302384 	3686688 
3112040 	3197008 	3380496 	3872792 	3250880 	3302800 	3686704 
3112096 	3197040 	3380560 	3872800 	3251104 	3302840 	3687424 
3112368 	3197192 	3381192 	3873608 	3251128 	3302872 	3688328 
3112584 	3197200 	3381840 	3873872 	3251352 	3303432 	3690768 
3112632 	3197688 	3382352 	3874064 	3251616 	3303600 	3690800 
3112816 	3198248 	3382440 	3874336 	3251688 	3303600 	3691424 
3112824 	3198408 	3383024 	3874480 	3251784 	3303680 	3691688 
3113024 	3198408 	3383368 	3874488 	3252120 	3304424 	3692744 
3113560 	3198488 	3383736 	3874736 	3252216 	3304688 	3692744 
3113576 	3198568 	3383840 	3875264 	3252864 	3305488 	3693120 
3113608 	3199088 	3384288 	3875592 	3252888 	3305736 	3693232 
3113912 	3199312 	3384384 	3875904 	3252960 	3306016 	3694288 
3113928 	3199928 	3384592 	3875968 	3253480 	3306976 	3694656 
3114200 	3201040 	3384960 	3876552 	3254008 	3307336 	3695288 
3114928 	3201560 	3385088 	3877008 	3254384 	3307904 	3695672 
3114984 	3201712 	3385152 	3877256 	3254464 	3308056 	3698720 
3115096 	3201744 	3385288 	3877376 	3254552 	3308152 	3699312 
3115200 	3201920 	3385904 	3877656 	3254712 	3308184 	3699864 
3115368 	3202176 	3386256 	3878104 	3254864 	3308320 	3700024 
3115656 	3202520 	3386968 	3878248 	3254912 	3308384 	3701840 
3115784 	3202792 	3387512 	3878504 	3255024 	3308512 	3702864 
3115856 	3202864 	3387584 	3879448 	3255064 	3308568 	3702928 
3115880 	3202952 	3387600 	3880416 	3255240 	3310440 	3704256 
3116048 	3203088 	3388136 	3880792 	3255384 	3311160 	3704592 
3116104 	3203256 	3388312 	3881928 	3255984 	3311280 	3705560 
3117040 	3203448 	3388424 	3882208 	3256232 	3311432 	3706704 
3117296 	3203704 	3388520 	3882544 	3256416 	3311776 	3707408 
3117360 	3203776 	3389344 	3882640 	3256544 	3311928 	3707752 
3118376 	3204032 	3389344 	3883456 	3257680 	3312432 	3707936 
3118392 	3204400 	3389464 	3884376 	3258144 	3312920 	3708296 
3118520 	3204496 	3390792 	3884448 	3258328 	3313320 	3709944 
3118648 	3204600 	3391304 	3884712 	3258392 	3314400 	3710520 
3118768 	3205888 	3391720 	3884712 	3258576 	3315616 	3710632 
3118808 	3206760 	3392400 	3885008 	3258672 	3315880 	3711192 
3118984 	3207072 	3392808 	3885064 	3259376 	3316864 	3711752 
3119400 	3207200 	3393776 	3886936 	3259552 	3318840 	3714344 
3119424 	3208208 	3394008 	3887008 	3259584 	3318856 	3714432 
3119512 	3208256 	3394040 	3887104 	3259936 	3318936 	3715384 
3119800 	3208328 	3394920 	3887856 	3260160 	3319632 	3715744 
3120968 	3208432 	3395568 	3889304 	3260608 	3319776 	3715976 
3121456 	3208928 	3396248 	3890208 	3260720 	3319800 	3716016 
3121688 	3209024 	3396472 	3890592 	3261520 	3319896 	3716776 
3122304 	3209416 	3397888 	3890840 	3261672 	3319912 	3717248 
3122320 	3209528 	3397936 	3892944 	3261872 	3320128 	3718288 
3122952 	3209640 	3398072 	3893448 	3262064 	3320448 	3719832 
3123408 	3210008 	3398176 	3895864 	3262648 	3321128 	3721480 
3123576 	3210568 	3398384 	3896952 	3262664 	3324656 	3722008 
3123888 	3210656 	3398792 	3899680 	3263072 	3325040 	3722208 
3124440 	3211008 	3399256 	3900136 	3263632 	3325624 	3723304 
3124720 	3211992 	3399520 	3901144 	3263824 	3326024 	3725792 
3125208 	3212136 	3399840 	3901184 	3264088 	3326128 	3726208 
3125208 	3212152 	3400112 	3901720 	3264208 	3326136 	3726528 
3125384 	3212272 	3401200 	3902280 	3264616 	3327160 	3727760 
3125448 	3212592 	3402248 	3903552 	3265128 	3327368 	3728560 
3125688 	3212608 	3402424 	3905344 	3266888 	3328008 	3730176 
3126944 	3212688 	3403424 	3905680 	3267280 	3329880 	3730432 
3127248 	3213312 	3403432 	3905920 	3267768 	3330048 	3730952 
3127288 	3213496 	3404384 	3906576 	3267808 	3330168 	3733096 
3127512 	3214056 	3404752 	3909696 	3267864 	3331256 	3733480 
3128240 	3214168 	3405136 	3909808 	3267896 	3332112 	3734360 
3128832 	3214256 	3405256 	3909816 	3268672 	3333064 	3734664 
3129880 	3214656 	3406320 	3911152 	3268928 	3333728 	3735168 
3130512 	3215032 	3407816 	3911192 	3269624 	3335032 	3736040 
3130648 	3215240 	3408616 	3911840 	3270048 	3335600 	3736896 
3131264 	3215272 	3408688 	3911896 	3270264 	3336472 	3737128 
3131280 	3215736 	3408872 	3911992 	3272104 	3336576 	3737888 
3131312 	3215768 	3408984 	3914056 	3273312 	3337016 	3738400 
3131328 	3216528 	3409232 	3914376 	3273696 	3337248 	3738784 
3131608 	3216752 	3410320 	3914792 	3273856 	3338088 	3739728 
3131672 	3216856 	3411184 	3916888 	3273872 	3338736 	3740696 
3131704 	3217568 	3411448 	3917160 	3274200 	3339456 	3740792 
3132336 	3218112 	3411584 	3917384 	3274776 	3339704 	3740928 
3132552 	3218400 	3412008 	3917528 	3276464 	3339720 	3740944 
3133192 	3218840 	3412280 	3917696 	3277352 	3340840 	3741032 
3133776 	3219032 	3413064 	3920056 	3277912 	3340920 	3741752 
3134112 	3219448 	3413976 	3922336 	3278632 	3341032 	3742496 
3134912 	3219584 	3414216 	3922808 	3279344 	3341224 	3743464 
3134928 	3219952 	3414392 	3923120 	3280632 	3341328 	3743600 
3135128 	3219984 	3414560 	3923432 	3281352 	3341736 	3744960 
3135208 	3220760 	3414768 	3923808 	3281784 	3342424 	3745616 
3135560 	3221240 	3416224 	3924480 	3282024 	3342936 	3745728 
3135888 	3222464 	3416920 	3924872 	3282224 	3344448 	3746528 
3136360 	3222712 	3417192 	3927704 	3282368 	3344512 	3746744 
3136672 	3224048 	3417312 	3930408 	3282744 	3345224 	3746800 
3136936 	3225688 	3419184 	3930832 	3282872 	3345888 	3746984 
3137656 	3225960 	3420376 	3931120 	3283152 	3346400 	3747248 
3139336 	3226296 	3421736 	3932440 	3285576 	3349056 	3747800 
3139424 	3227176 	3422072 	3932904 	3285648 	3349240 	3748688 
3139544 	3227928 	3423496 	3933232 	3286904 	3349880 	3748712 
3139544 	3227960 	3426336 	3933304 	3288008 	3350288 	3749352 
3139968 	3228216 	3428160 	3934312 	3288872 	3351200 	3749392 
3140776 	3229760 	3429336 	3934768 	3288920 	3351400 	3750184 
3140800 	3230360 	3429472 	3934776 	3289592 	3351696 	3750240 
3141576 	3230896 	3430008 	3935128 	3290176 	3352488 	3752168 
3141856 	3231112 	3431552 	3935248 	3290784 	3353296 	3752760 
3141992 	3231376 	3431768 	3937176 	3292936 	3353576 	3753632 
3142168 	3231544 	3432936 	3937320 	3293472 	3353624 	3753800 
3142232 	3231752 	3433424 	3938208 	3293840 	3356080 	3754192 
3142792 	3232168 	3434152 	3938224 	3294176 	3356152 	3754808 
3142968 	3232464 	3434840 	3938800 	3294416 	3358152 	3755320 
3143640 	3233560 	3434872 	3938976 	3295584 	3359344 	3756608 
3143904 	3233936 	3435032 	3939016 	3296008 	3359608 	3756920 
3144816 	3234656 	3436144 	3939448 	3296232 	3360048 	3756944 
3144928 	3235064 	3436192 	3939704 	3296416 	3361256 	3757232 
3144984 	3235120 	3436200 	3939776 	3296840 	3361376 	3757304 
3145488 	3235216 	3439152 	3939784 	3297288 	3363272 	3757496 
3146056 	3236232 	3439712 	3939976 	3297496 	3363680 	3757992 
3146624 	3236544 	3441032 	3939992 	3297544 	3365368 	3758160 
3147736 	3236904 	3441032 	3940040 	3299048 	3366944 	3758392 
3147768 	3237192 	3441352 	3940064 	3299128 	3367040 	3759416 
3148032 	3237608 	3441432 	3940672 	3299800 	3367832 	3759784 
3148224 	3237872 	3441936 	3940856 	3300024 	3368224 	3759800 
3148400 	3238336 	3442104 	3941264 	3300120 	3371024 	3760320 
3148544 	3238520 	3442600 	3941376 	3300296 	3371704 	3760960 
3148560 	3238936 	3443872 	3941512 	3301400 	3373384 	3761192 
3149176 	3239272 	3444304 	3941960 	3301808 	3373456 	3761488 
3149512 	3239944 	3444856 	3942912 	3302264 	3373544 	3762088 
3149920 	3240264 	3445056 	3943704 	3302872 	3374000 	3762408 
3149952 	3240552 	3445360 	3943976 	3303264 	3374664 	3762800 
3150776 	3241424 	3445864 	3945008 	3303424 	3374872 	3762928 
3150928 	3241496 	3446192 	3945280 	3303616 	3375184 	3763528 
3151544 	3241504 	3446384 	3945560 	3304360 	3375600 	3764048 
3152064 	3241736 	3446816 	3946344 	3305304 	3375880 	3764104 
3152360 	3241784 	3447872 	3947048 	3305472 	3375936 	3764360 
3152480 	3241856 	3449640 	3947416 	3306304 	3377168 	3764792 
3152656 	3242544 	3450960 	3948144 	3307280 	3377352 	3765536 
3152760 	3243048 	3451336 	3948504 	3307328 	3378192 	3765664 
3153360 	3243416 	3453200 	3949576 	3308624 	3378288 	3766088 
3153512 	3244384 	3453464 	3949592 	3309048 	3379048 	3767096 
3154216 	3245840 	3457096 	3951344 	3310168 	3379664 	3767280 
3155632 	3247032 	3457832 	3951352 	3310576 	3380160 	3767728 
3155944 	3247448 	3458608 	3952432 	3311328 	3380320 	3767792 
3156264 	3248152 	3458632 	3953040 	3311368 	3380640 	3768024 
3157080 	3248200 	3458928 	3954160 	3313024 	3382008 	3769120 
3157904 	3249104 	3459256 	3954456 	3313136 	3384120 	3769688 
3159864 	3249208 	3460184 	3954536 	3313472 	3384632 	3770208 
3159880 	3250512 	3460704 	3955176 	3314896 	3385416 	3770216 
3160240 	3250560 	3460960 	3955360 	3315104 	3385600 	3770704 
3160416 	3251040 	3461264 	3955392 	3316672 	3386240 	3770984 
3160528 	3252176 	3461376 	3955632 	3318096 	3389368 	3771376 
3160544 	3252384 	3462840 	3955816 	3318672 	3389872 	3772136 
3160600 	3254048 	3463016 	3955976 	3319168 	3389888 	3772720 
3160864 	3254200 	3463256 	3956016 	3320128 	3389944 	3772792 
3160960 	3255176 	3464664 	3956216 	3320208 	3390256 	3773200 
3161928 	3256176 	3465120 	3956992 	3321256 	3390744 	3773232 
3162544 	3259672 	3465360 	3957544 	3321416 	3391384 	3773464 
3163248 	3259696 	3465576 	3957640 	3321488 	3391904 	3773792 
3165352 	3261776 	3465672 	3958240 	3321824 	3393568 	3774768 
3165496 	3262840 	3466480 	3958712 	3322216 	3393568 	3775368 
3165808 	3263144 	3466912 	3958864 	3322256 	3394184 	3775960 
3165872 	3263832 	3467024 	3959024 	3322784 	3394880 	3776072 
3166944 	3263896 	3467168 	3959064 	3323272 	3396480 	3776272 
3167320 	3264408 	3468392 	3959096 	3325200 	3396912 	3776528 
3167728 	3264544 	3469408 	3959312 	3325360 	3397576 	3776632 
3168312 	3264664 	3470048 	3959608 	3327488 	3397808 	3777160 
3169008 	3265328 	3470792 	3959672 	3327672 	3398168 	3777504 
3170264 	3265896 	3471952 	3959752 	3327688 	3398224 	3778096 
3172416 	3267912 	3471960 	3961552 	3327696 	3399208 	3778280 
3173328 	3268448 	3472032 	3962096 	3327800 	3399264 	3778368 
3174328 	3268936 	3472936 	3962544 	3328128 	3400040 	3778616 
3175952 	3268936 	3473808 	3962600 	3329008 	3401416 	3778640 
3176784 	3269208 	3473936 	3963776 	3329168 	3401776 	3779224 
3176960 	3271144 	3474424 	3963800 	3329416 	3402360 	3779776 
3177376 	3271984 	3475416 	3964032 	3329816 	3402720 	3779992 
3177464 	3272344 	3475448 	3964056 	3329936 	3403296 	3781296 
3177672 	3272728 	3476344 	3964840 	3330456 	3403792 	3781320 
3177840 	3273032 	3476424 	3966008 	3332520 	3403984 	3781392 
3178064 	3273824 	3476912 	3966136 	3333000 	3404392 	3781456 
3178424 	3274464 	3477528 	3966384 	3334072 	3404904 	3782456 
3178440 	3276280 	3477688 	3967040 	3334336 	3404912 	3782672 
3180992 	3276584 	3477776 	3967048 	3335464 	3404936 	3782816 
3181408 	3278448 	3477912 	3967304 	3335808 	3405312 	3782920 
3181472 	3278464 	3478480 	3968032 	3335872 	3405384 	3783480 
3181616 	3278760 	3480056 	3968224 	3336208 	3405480 	3783640 
3181672 	3279216 	3480320 	3969680 	3337368 	3405568 	3783992 
3181920 	3279904 	3480352 	3969680 	3337560 	3405624 	3784304 
3182304 	3279936 	3480656 	3969696 	3338744 	3405696 	3784312 
3183600 	3281016 	3480752 	3969952 	3339272 	3405760 	3784776 
3183944 	3281648 	3481224 	3969992 	3339616 	3405888 	3785016 
3185232 	3282136 	3481592 	3969992 	3339888 	3406264 	3785128 
3185744 	3282192 	3481920 	3970424 	3340096 	3406384 	3785304 
3185768 	3282280 	3481928 	3970736 	3341040 	3406784 	3786104 
3185768 	3282400 	3483384 	3971448 	3341104 	3406952 	3786576 
3186128 	3282504 	3483968 	3971536 	3341152 	3407464 	3786608 
3186288 	3282632 	3484048 	3972496 	3344120 	3407496 	3786728 
3186304 	3283528 	3484264 	3972920 	3344816 	3407672 	3786800 
3186920 	3283800 	3484792 	3973040 	3344888 	3408000 	3787440 
3189408 	3284376 	3485904 	3973248 	3345216 	3408056 	3787680 
3189472 	3284824 	3486384 	3973304 	3345384 	3409000 	3787944 
3190848 	3284952 	3486896 	3974160 	3345912 	3409872 	3788416 
3191392 	3285072 	3487512 	3974688 	3346576 	3410192 	3789016 
3191456 	3285072 	3488176 	3974760 	3346656 	3410440 	3790376 
3192448 	3285296 	3489688 	3975408 	3346840 	3411200 	3790496 
3192664 	3285904 	3490248 	3976152 	3347192 	3411376 	3791528 
3193560 	3286416 	3490872 	3977184 	3347704 	3411584 	3791560 
3196336 	3286472 	3493632 	3977184 	3347784 	3411928 	3792224 
3196560 	3286568 	3494096 	3977960 	3347960 	3412280 	3792344 
3196872 	3287264 	3495528 	3978184 	3348208 	3413504 	3792896 
3197248 	3287376 	3495800 	3978256 	3348336 	3414064 	3794024 
3199464 	3287536 	3495816 	3978272 	3348504 	3414216 	3794320 
3199760 	3287824 	3495856 	3978400 	3349088 	3415472 	3794440 
3199832 	3288296 	3496192 	3978792 	3349632 	3417088 	3794864 
3200648 	3288384 	3496352 	3978888 	3349992 	3417192 	3795512 
3201272 	3289816 	3496352 	3978928 	3351848 	3417224 	3795976 
3201400 	3290736 	3496528 	3979072 	3352200 	3417840 	3796048 
3203520 	3290904 	3497440 	3979584 	3352240 	3417904 	3796304 
3203624 	3293040 	3497992 	3980200 	3352424 	3418064 	3796928 
3203720 	3293424 	3499552 	3980208 	3352952 	3418368 	3797072 
3203776 	3293488 	3499560 	3980904 	3353296 	3418792 	3797456 
3203840 	3294672 	3499624 	3981200 	3353728 	3418800 	3798008 
3203928 	3294872 	3499968 	3981472 	3353744 	3418856 	3799240 
3204536 	3295136 	3500560 	3981944 	3355360 	3418960 	3799296 
3204560 	3295184 	3500688 	3982632 	3355792 	3419280 	3799824 
3204832 	3297120 	3501576 	3983408 	3356568 	3419664 	3800096 
3204968 	3297608 	3501712 	3983448 	3357032 	3419872 	3800112 
3207528 	3298712 	3501720 	3983880 	3357848 	3419968 	3800408 
3208336 	3298896 	3502208 	3984016 	3358128 	3420360 	3800848 
3208856 	3298920 	3502672 	3985160 	3358224 	3421336 	3801512 
3208896 	3298928 	3502696 	3985648 	3358936 	3422040 	3802208 
3209112 	3299336 	3503392 	3985792 	3359424 	3422976 	3802400 
3210608 	3299584 	3503656 	3985848 	3359760 	3423888 	3802408 
3210888 	3300080 	3503824 	3985976 	3360976 	3423976 	3802840 
3211088 	3300472 	3504080 	3986800 	3361488 	3424216 	3802984 
3211200 	3301008 	3504184 	3986816 	3362400 	3424552 	3803032 
3212064 	3301544 	3505176 	3987824 	3362664 	3425160 	3803104 
3212400 	3302336 	3505528 	3987832 	3363064 	3425624 	3803344 
3212600 	3303264 	3505768 	3988008 	3363376 	3426080 	3803760 
3213000 	3304200 	3505944 	3988016 	3364120 	3426088 	3803808 
3213016 	3304232 	3506240 	3988248 	3364160 	3427104 	3804032 
3213080 	3304280 	3507160 	3988280 	3364216 	3427872 	3804096 
3213640 	3304944 	3507824 	3988648 	3364272 	3427960 	3804120 
3213736 	3304992 	3508864 	3988768 	3364384 	3428672 	3804192 
3214016 	3305264 	3509400 	3988776 	3364976 	3428752 	3804208 
3214808 	3308480 	3509448 	3988872 	3365504 	3429824 	3804256 
3215560 	3308640 	3510128 	3989680 	3366064 	3431240 	3805016 
3215808 	3308768 	3510152 	3990040 	3366168 	3431496 	3805680 
3217160 	3309360 	3511080 	3990216 	3366336 	3432088 	3806000 
3218400 	3309744 	3512232 	3990888 	3366592 	3432840 	3806056 
3218400 	3310000 	3512288 	3991168 	3366888 	3433032 	3806168 
3218440 	3310048 	3512456 	3991608 	3366976 	3433160 	3806344 
3218768 	3310136 	3512792 	3992528 	3367248 	3433608 	3806864 
3219040 	3310200 	3513008 	3992784 	3367288 	3433624 	3807040 
3219184 	3310328 	3513328 	3993048 	3367488 	3433632 	3808152 
3219360 	3311064 	3513624 	3993056 	3367600 	3433984 	3808208 
3220216 	3311096 	3513672 	3993448 	3367632 	3434096 	3808408 
3220816 	3311112 	3513928 	3993800 	3368592 	3434720 	3808496 
3221080 	3311816 	3514504 	3994216 	3368728 	3435672 	3808768 
3221624 	3312104 	3514536 	3994576 	3368976 	3436576 	3809032 
3221648 	3312448 	3514720 	3994592 	3369288 	3436648 	3809120 
3221976 	3313016 	3514936 	3994984 	3370168 	3436784 	3809680 
3222120 	3313512 	3515288 	3995024 	3370768 	3436808 	3809784 
3222176 	3314296 	3516120 	3995176 	3371280 	3437304 	3811768 
3222336 	3314808 	3516872 	3996288 	3371504 	3438224 	3812320 
3222472 	3314864 	3517088 	3996752 	3372056 	3438472 	3812416 
3222688 	3314936 	3517312 	3996872 	3372072 	3438496 	3812624 
3224088 	3316184 	3517648 	3997176 	3372360 	3439056 	3812952 
3224192 	3316392 	3518240 	3997264 	3372392 	3439112 	3813104 
3224544 	3316576 	3518744 	3997288 	3372512 	3439840 	3813160 
3224848 	3316800 	3519160 	3997680 	3373032 	3440176 	3813416 
3225336 	3316872 	3520824 	3998544 	3373296 	3440200 	3813432 
3226496 	3317872 	3521016 	3998872 	3373744 	3440224 	3813856 
3227424 	3318464 	3521512 	3998880 	3373864 	3440736 	3813968 
3227656 	3319000 	3521968 	3999800 	3374552 	3441896 	3814624 
3227840 	3319448 	3522240 	4000144 	3377088 	3441976 	3816152 
3228696 	3320024 	3522480 	4000160 	3377096 	3442032 	3816624 
3229080 	3320704 	3522856 	4000192 	3377224 	3442104 	3817776 
3229536 	3320992 	3523112 	4000304 	3377240 	3442992 	3818448 
3230928 	3321960 	3523312 	4000352 	3377328 	3443128 	3819392 
3232384 	3322208 	3523408 	4000632 	3377480 	3443624 	3819656 
3232600 	3322272 	3523472 	4000888 	3377560 	3444344 	3820104 
3233408 	3322472 	3523872 	4001664 	3378016 	3444520 	3820296 
3233416 	3323064 	3524224 	4002352 	3378200 	3444648 	3820360 
3233632 	3323240 	3524256 	4002408 	3378944 	3445264 	3820408 
3234048 	3323552 	3524360 	4003392 	3379024 	3445808 	3820864 
3234328 	3323760 	3524672 	4003472 	3379584 	3446888 	3821592 
3236096 	3324168 	3524704 	4003536 	3379744 	3448168 	3822456 
3236920 	3324392 	3525224 	4003744 	3379760 	3448744 	3822760 
3237168 	3324616 	3525504 	4003824 	3380344 	3449016 	3822800 
3237624 	3325816 	3527048 	4003864 	3380816 	3449120 	3823080 
3237728 	3326200 	3527088 	4004368 	3381296 	3449176 	3823160 
3237792 	3327064 	3527520 	4004480 	3382928 	3449592 	3824016 
3238000 	3327272 	3527920 	4004664 	3383792 	3449944 	3824408 
3238000 	3327664 	3528112 	4005216 	3384160 	3450760 	3824520 
3238032 	3329080 	3528240 	4005584 	3384792 	3451648 	3824760 
3238240 	3330728 	3528704 	4006960 	3385168 	3452200 	3825632 
3238432 	3330992 	3529104 	4007080 	3385200 	3452768 	3825992 
3238600 	3331168 	3529832 	4008040 	3385480 	3452912 	3826160 
3239752 	3331352 	3532440 	4009336 	3385792 	3452952 	3826184 
3239944 	3331848 	3533344 	4009896 	3385816 	3453912 	3826216 
3239976 	3331880 	3533472 	4011416 	3385840 	3454520 	3826216 
3240408 	3331984 	3533664 	4012032 	3386112 	3454952 	3827064 
3241064 	3332168 	3533920 	4012056 	3386496 	3455568 	3827368 
3241616 	3332712 	3534312 	4013056 	3387072 	3456344 	3828176 
3242800 	3332808 	3534864 	4013176 	3387992 	3456504 	3828624 
3242832 	3332960 	3534992 	4013376 	3388416 	3456600 	3828992 
3242848 	3332968 	3535640 	4013408 	3389512 	3457168 	3829680 
3243696 	3333600 	3535896 	4014144 	3391128 	3458216 	3830848 
3244984 	3335264 	3536152 	4014304 	3391224 	3458360 	3831256 
3245288 	3336280 	3537288 	4014736 	3391248 	3458408 	3831408 
3245552 	3336448 	3537504 	4014888 	3391272 	3458480 	3831744 
3245824 	3337088 	3537640 	4014944 	3391544 	3461040 	3833000 
3245984 	3337344 	3538032 	4014952 	3391704 	3461192 	3833392 
3246104 	3337960 	3538288 	4015600 	3392912 	3461360 	3833656 
3246408 	3338512 	3539056 	4015728 	3393368 	3461448 	3834736 
3246552 	3339144 	3539944 	4017184 	3394056 	3461504 	3835696 
3246664 	3339168 	3540016 	4018272 	3394072 	3463368 	3835944 
3247616 	3339608 	3541200 	4018440 	3394136 	3463744 	3835952 
3247936 	3339872 	3543040 	4018552 	3394256 	3463768 	3836664 
3248192 	3340000 	3543320 	4018624 	3394368 	3463792 	3837016 
3248552 	3341336 	3543800 	4019048 	3394872 	3464392 	3837280 
3250048 	3341800 	3543896 	4019336 	3396048 	3464592 	3837424 
3250520 	3342272 	3544000 	4020280 	3396232 	3464640 	3837656 
3250672 	3342296 	3544632 	4020448 	3397280 	3464704 	3837712 
3251568 	3343256 	3544976 	4020576 	3397320 	3464872 	3837752 
3251592 	3344944 	3545344 	4020728 	3397480 	3465024 	3838552 
3251640 	3345496 	3546504 	4021344 	3397512 	3465808 	3838776 
3251712 	3345672 	3546672 	4021640 	3397840 	3466360 	3839176 
3251968 	3345792 	3546720 	4022880 	3397936 	3466600 	3839672 
3253024 	3346168 	3546984 	4023368 	3398224 	3466656 	3841584 
3253048 	3346488 	3548648 	4025712 	3398640 	3466856 	3841776 
3253104 	3346960 	3549736 	4026296 	3398896 	3467072 	3841856 
3253800 	3347024 	3550120 	4026328 	3398912 	3467368 	3841920 
3255016 	3347288 	3550240 	4026472 	3398928 	3467400 	3842160 
3255224 	3347720 	3550616 	4027096 	3399312 	3467544 	3842616 
3255496 	3348200 	3551096 	4028192 	3400784 	3468136 	3842664 
3255712 	3348464 	3551200 	4028952 	3400800 	3468632 	3842912 
3255864 	3348568 	3551256 	4029112 	3400896 	3468720 	3842992 
3255880 	3349192 	3551336 	4029440 	3401784 	3468872 	3843544 
3256040 	3349336 	3551592 	4029824 	3401808 	3470032 	3843552 
3256344 	3349576 	3552488 	4030408 	3403392 	3470856 	3844272 
3256624 	3350616 	3553328 	4030544 	3403520 	3470936 	3845392 
3256696 	3351056 	3554296 	4030864 	3405024 	3471072 	3845672 
3257160 	3351080 	3557272 	4031040 	3405728 	3471336 	3845680 
3257680 	3351528 	3557760 	4031072 	3405912 	3471480 	3846392 
3258928 	3352248 	3558008 	4031128 	3406432 	3471608 	3847408 
3259360 	3352328 	3558992 	4031264 	3406848 	3471960 	3847496 
3259616 	3352352 	3559000 	4031416 	3407000 	3472408 	3848008 
3259728 	3352360 	3559168 	4032312 	3407840 	3472504 	3848744 
3259880 	3353280 	3559192 	4033704 	3408552 	3472544 	3848832 
3260064 	3353440 	3559664 	4033848 	3408792 	3473408 	3849112 
3261560 	3354032 	3560024 	4033888 	3409624 	3473560 	3849840 
3261840 	3355120 	3560080 	4033984 	3410408 	3473688 	3849928 
3263464 	3355248 	3560120 	4034088 	3411344 	3474224 	3850104 
3263856 	3357728 	3560208 	4034440 	3411744 	3474336 	3850352 
3264008 	3358344 	3560360 	4034608 	3411752 	3474720 	3851232 
3264216 	3358360 	3560856 	4035200 	3411784 	3475872 	3851800 
3264504 	3358600 	3561192 	4036192 	3412720 	3476216 	3851904 
3264656 	3359472 	3563168 	4036920 	3413880 	3476240 	3852128 
3264744 	3360584 	3563456 	4037152 	3414328 	3476968 	3852840 
3264896 	3361040 	3564088 	4038016 	3414944 	3476984 	3853432 
3265248 	3361432 	3564184 	4038376 	3415792 	3477080 	3853520 
3266704 	3361840 	3564232 	4038592 	3415976 	3477320 	3856360 
3266728 	3362272 	3564840 	4039024 	3416408 	3477640 	3857032 
3267664 	3363384 	3565016 	4039224 	3416488 	3477832 	3858288 
3268480 	3363384 	3565800 	4039304 	3417136 	3478408 	3858760 
3268672 	3364696 	3565872 	4039568 	3417656 	3478552 	3858864 
3269008 	3366328 	3565888 	4040256 	3418088 	3478768 	3859136 
3269096 	3366864 	3567824 	4040288 	3418960 	3479232 	3859280 
3269128 	3366904 	3568712 	4040576 	3419344 	3479296 	3859360 
3269520 	3368872 	3568712 	4041448 	3419392 	3480064 	3859400 
3269656 	3369056 	3568856 	4041568 	3419912 	3480568 	3859744 
3270000 	3369880 	3569736 	4042688 	3420592 	3480752 	3860440 
3270472 	3369912 	3570104 	4042712 	3421304 	3483496 	3861296 
3270728 	3370592 	3570632 	4043144 	3421984 	3483576 	3861304 
3270928 	3370920 	3571744 	4043768 	3422256 	3484072 	3861656 
3271544 	3371080 	3571784 	4043896 	3422480 	3484280 	3862744 
3271992 	3371416 	3572624 	4044176 	3423376 	3484456 	3862816 
3272392 	3371608 	3574296 	4045072 	3424120 	3484640 	3864072 
3272712 	3372568 	3574472 	4045992 	3424568 	3484984 	3864136 
3273368 	3374024 	3575344 	4046128 	3426176 	3486120 	3864624 
3273592 	3374064 	3575760 	4046480 	3428240 	3486152 	3866048 
3274224 	3374128 	3576632 	4046792 	3428920 	3486496 	3866432 
3274648 	3374152 	3577368 	4047048 	3430064 	3487232 	3866808 
3274832 	3375016 	3578040 	4047776 	3430504 	3487288 	3867000 
3275584 	3375520 	3578592 	4048032 	3431216 	3488360 	3867416 
3275816 	3375664 	3579368 	4048936 	3432112 	3488600 	3867880 
3276488 	3377264 	3580696 	4049336 	3432176 	3489416 	3868392 
3278640 	3377432 	3582744 	4050200 	3432808 	3489768 	3868416 
3279304 	3379848 	3583216 	4051088 	3433528 	3489784 	3868464 
3279848 	3380784 	3583280 	4051736 	3433624 	3489984 	3868504 
3280144 	3381376 	3583544 	4052456 	3434056 	3490008 	3868992 
3280232 	3382424 	3583944 	4052504 	3434632 	3490688 	3869288 
3280328 	3384360 	3584360 	4052912 	3435088 	3491304 	3870512 
3280448 	3386544 	3584832 	4053568 	3435208 	3491920 	3871048 
3281688 	3388784 	3584864 	4054488 	3435840 	3493008 	3871888 
3281736 	3388904 	3584944 	4055224 	3436384 	3493456 	3872216 
3281808 	3388944 	3585496 	4055672 	3436808 	3494560 	3872416 
3281816 	3390000 	3585864 	4055800 	3436904 	3494640 	3873384 
3282000 	3390040 	3586224 	4055976 	3437840 	3494696 	3873928 
3282056 	3390224 	3586688 	4056616 	3438080 	3494768 	3875184 
3283712 	3391664 	3586688 	4057184 	3438464 	3495448 	3875696 
3284672 	3391904 	3586736 	4057952 	3438496 	3495512 	3876064 
3285504 	3392104 	3588216 	4058752 	3438952 	3495528 	3876104 
3285616 	3392904 	3588704 	4059024 	3439128 	3496336 	3878320 
3285784 	3393056 	3589552 	4059384 	3439672 	3496336 	3878616 
3286488 	3393168 	3590064 	4059504 	3439720 	3496464 	3878744 
3287328 	3394520 	3590216 	4060088 	3441184 	3496688 	3879264 
3287496 	3394760 	3590480 	4060632 	3441368 	3497136 	3880136 
3289080 	3395296 	3590504 	4060696 	3441520 	3497520 	3881160 
3289520 	3396280 	3590608 	4061544 	3442472 	3498752 	3881736 
3290392 	3396960 	3591840 	4062464 	3443600 	3499808 	3882224 
3291376 	3397160 	3591872 	4062824 	3444016 	3499840 	3882312 
3292048 	3398256 	3592000 	4063384 	3445384 	3500344 	3883800 
3293984 	3399112 	3592152 	4063696 	3446064 	3500520 	3883944 
3294600 	3399584 	3593536 	4063808 	3446360 	3502312 	3886736 
3294856 	3401176 	3593616 	4064440 	3447264 	3502736 	3888288 
3295384 	3401208 	3594000 	4065048 	3447408 	3503256 	3889104 
3296072 	3401888 	3594624 	4065536 	3448008 	3503656 	3889248 
3296256 	3402000 	3594696 	4065664 	3448504 	3507896 	3889784 
3297024 	3402280 	3595808 	4065912 	3448720 	3508528 	3889856 
3298424 	3402448 	3596152 	4065960 	3448832 	3508880 	3892368 
3299040 	3402968 	3596368 	4066256 	3448952 	3511456 	3892448 
3300768 	3403864 	3596880 	4066632 	3449032 	3512336 	3892616 
3301992 	3404576 	3598920 	4066736 	3449272 	3512352 	3893440 
3302176 	3405064 	3599040 	4069432 	3449320 	3512392 	3893624 
3302272 	3405784 	3599304 	4072032 	3450368 	3512728 	3894320 
3303760 	3405984 	3599520 	4072952 	3450616 	3513192 	3894448 
3305200 	3406984 	3599992 	4073176 	3451096 	3513208 	3895728 
3305216 	3407016 	3600376 	4074096 	3452584 	3513360 	3897112 
3305400 	3407352 	3601808 	4074672 	3452984 	3513424 	3897128 
3305608 	3408152 	3601912 	4075720 	3453840 	3513456 	3897336 
3306096 	3408352 	3602816 	4076224 	3453952 	3513552 	3898344 
3306352 	3408472 	3602896 	4076536 	3453952 	3513984 	3898864 
3306912 	3410096 	3603024 	4076560 	3454072 	3514304 	3899560 
3307256 	3410216 	3604328 	4076560 	3456328 	3514840 	3899832 
3307504 	3410920 	3605504 	4076728 	3457208 	3514912 	3900880 
3307848 	3411784 	3606232 	4077080 	3457928 	3515392 	3901008 
3307848 	3412448 	3607096 	4077264 	3459424 	3515720 	3902752 
3308336 	3412488 	3607864 	4077368 	3459688 	3517096 	3902800 
3308576 	3412608 	3607928 	4078600 	3459696 	3517256 	3903984 
3308944 	3413256 	3608144 	4078888 	3460360 	3517552 	3904152 
3309248 	3413896 	3608472 	4079304 	3460512 	3518096 	3904432 
3309400 	3414864 	3609472 	4081184 	3461056 	3518560 	3905680 
3309864 	3415208 	3610656 	4081488 	3461160 	3520208 	3906264 
3310184 	3415384 	3610904 	4082992 	3461496 	3520992 	3906288 
3310744 	3415784 	3611448 	4083168 	3462064 	3521312 	3907008 
3310992 	3418736 	3612528 	4085104 	3462288 	3521312 	3907416 
3311720 	3419944 	3612544 	4085440 	3463456 	3521624 	3908096 
3311760 	3420464 	3612600 	4085968 	3463736 	3522048 	3908680 
3311832 	3421648 	3612624 	4086032 	3465872 	3522152 	3909104 
3311856 	3422328 	3612720 	4086032 	3466280 	3522336 	3909384 
3312880 	3422704 	3613088 	4087352 	3467576 	3522736 	3909592 
3313352 	3422736 	3613576 	4087984 	3468368 	3522752 	3910768 
3313936 	3423968 	3614696 	4088248 	3468584 	3522920 	3911096 
3314144 	3426608 	3616120 	4089520 	3469224 	3525160 	3914128 
3316704 	3427216 	3616304 	4089544 	3469248 	3525904 	3915136 
3317056 	3428080 	3617984 	4089928 	3469592 	3526216 	3915360 
3317520 	3428456 	3618496 	4090728 	3470624 	3526560 	3915472 
3318992 	3429232 	3620576 	4092000 	3471280 	3530056 	3916784 
3319472 	3429336 	3621224 	4092296 	3472072 	3530576 	3917856 
3319520 	3430176 	3621712 	4092472 	3472608 	3530816 	3917864 
3319624 	3433456 	3621824 	4093000 	3472928 	3530872 	3922936 
3320696 	3436024 	3622200 	4093624 	3472968 	3530960 	3923608 
3321584 	3436368 	3622296 	4094400 	3473144 	3531232 	3924392 
3322192 	3436424 	3625304 	4094456 	3474112 	3532384 	3924656 
3323224 	3436544 	3625464 	4094968 	3474120 	3535888 	3925248 
3323384 	3437080 	3625504 	4095408 	3474344 	3536232 	3925872 
3324384 	3437200 	3625752 	4095552 	3474816 	3536288 	3926576 
3324408 	3437360 	3626032 	4097744 	3475616 	3537240 	3927256 
3325424 	3438552 	3627200 	4097880 	3478152 	3538168 	3927512 
3326328 	3438600 	3628384 	4098304 	3480048 	3539248 	3928312 
3326752 	3439048 	3628760 	4098456 	3480240 	3540088 	3930688 
3326968 	3440224 	3629408 	4099480 	3483056 	3540392 	3931168 
3327056 	3441048 	3629600 	4099704 	3483960 	3540424 	3931360 
3328016 	3441728 	3629632 	4099744 	3484120 	3540696 	3931752 
3328384 	3442656 	3630752 	4099864 	3484792 	3541736 	3932632 
3328888 	3442888 	3631328 	4101336 	3485248 	3543336 	3932752 
3329232 	3443424 	3631504 	4102600 	3486336 	3544600 	3933096 
3329496 	3444184 	3632616 	4105560 	3487856 	3547816 	3934224 
3331064 	3444200 	3633080 	4106000 	3490040 	3550896 	3934328 
3331704 	3444456 	3633120 	4106264 	3490608 	3551024 	3934608 
3331896 	3445784 	3633184 	4108824 	3492656 	3551544 	3935424 
3332264 	3446848 	3633368 	4109128 	3493240 	3551768 	3935696 
3333112 	3446896 	3634104 	4112600 	3493376 	3553224 	3935800 
3333152 	3447112 	3636368 	4114048 	3494176 	3553584 	3935944 
3333760 	3447120 	3636696 	4114304 	3494288 	3554152 	3937640 
3333800 	3448312 	3640464 	4115560 	3495304 	3554312 	3938168 
3333992 	3448896 	3640984 	4116400 	3495408 	3555208 	3938728 
3334384 	3449632 	3643624 	4117224 	3495576 	3555288 	3939128 
3334416 	3450464 	3643736 	4117688 	3496408 	3555672 	3939440 
3334824 	3451872 	3644872 	4119232 	3496904 	3555944 	3940208 
3335080 	3453056 	3645416 	4119728 	3497320 	3556408 	3941472 
3335368 	3455008 	3645664 	4121464 	3500096 	3557248 	3941728 
3335688 	3455744 	3646728 	4121616 	3501264 	3558176 	3941944 
3336152 	3455976 	3646904 	4121904 	3501896 	3559208 	3942536 
3336176 	3457096 	3647208 	4122864 	3502984 	3559672 	3943480 
3336608 	3457584 	3647504 	4124032 	3503704 	3560664 	3945056 
3336768 	3458160 	3648368 	4126872 	3504072 	3561432 	3946064 
3337504 	3458184 	3648400 	4126960 	3505008 	3561688 	3949864 
3337600 	3458200 	3649632 	4127616 	3505168 	3563368 	3951608 
3337776 	3458280 	3649872 	4128088 	3505184 	3563736 	3951688 
3338112 	3459264 	3650296 	4128520 	3505464 	3563928 	3952048 
3338128 	3460168 	3650400 	4129080 	3506104 	3564888 	3952336 
3340456 	3461040 	3651496 	4130760 	3506960 	3567128 	3952688 
3341440 	3461688 	3652096 	4131432 	3508440 	3567416 	3953328 
3342128 	3462264 	3652216 	4135736 	3508696 	3567496 	3954416 
3342712 	3465168 	3653592 	4137512 	3511360 	3567904 	3954584 
3343848 	3465336 	3653648 	4137728 	3512704 	3568144 	3955624 
3344000 	3465520 	3654608 	4140912 	3512968 	3568592 	3955728 
3344368 	3465712 	3654720 	4141960 	3514176 	3568840 	3956312 
3345736 	3468000 	3654840 	4142960 	3514592 	3573480 	3956440 
3346432 	3468352 	3655888 	4143216 	3519232 	3574608 	3956864 
3346432 	3468672 	3656224 	4143512 	3520656 	3574840 	3958880 
3348944 	3470536 	3657448 	4143624 	3524016 	3575672 	3958888 
3349000 	3471784 	3657880 	4145848 	3524336 	3578616 	3962664 
3349288 	3472360 	3659480 	4146272 	3524800 	3578664 	3963840 
3353584 	3473848 	3660504 	4146304 	3525464 	3581056 	3963960 
3354552 	3473936 	3660888 	4146768 	3526424 	3582464 	3964152 
3355464 	3475184 	3661792 	4147336 	3527096 	3583760 	3966328 
3356216 	3476048 	3661896 	4149256 	3527496 	3584192 	3968216 
3357776 	3477448 	3662096 	4149856 	3527832 	3584344 	3968328 
3358408 	3479304 	3662160 	4151608 	3528176 	3584936 	3968568 
3358424 	3480184 	3662416 	4151672 	3528320 	3584992 	3968760 
3359256 	3480256 	3663432 	4151904 	3528576 	3585568 	3969424 
3359408 	3480328 	3663992 	4152784 	3529560 	3586184 	3969552 
3360728 	3482216 	3664456 	4153272 	3530632 	3587480 	3970312 
3360848 	3482912 	3664816 	4153392 	3533072 	3588608 	3971312 
3362096 	3484320 	3665144 	4154680 	3533368 	3589256 	3972592 
3363856 	3484592 	3665328 	4155056 	3533472 	3589896 	3975568 
3364720 	3484616 	3669112 	4155272 	3534584 	3591520 	3975872 
3365288 	3484864 	3669608 	4156144 	3536080 	3591584 	3976496 
3365464 	3486088 	3669800 	4156528 	3536200 	3591712 	3977200 
3365776 	3487608 	3669856 	4156904 	3538152 	3594600 	3977648 
3365848 	3487696 	3673528 	4157072 	3539104 	3595080 	3977952 
3366200 	3489032 	3674592 	4161176 	3539352 	3595128 	3978632 
3366664 	3491704 	3675000 	4161272 	3540792 	3595176 	3979296 
3368456 	3491904 	3675872 	4161616 	3541496 	3595448 	3980152 
3368464 	3494960 	3676072 	4162544 	3542752 	3597816 	3980496 
3368888 	3496056 	3678960 	4162920 	3542760 	3598560 	3982304 
3370176 	3496432 	3680064 	4163728 	3543584 	3598560 	3982872 
3371296 	3496984 	3680312 	4165360 	3544104 	3599096 	3985000 
3372176 	3497040 	3680440 	4166792 	3544488 	3601768 	3985504 
3372256 	3497072 	3680552 	4166864 	3545408 	3602080 	3986576 
3372376 	3499072 	3681176 	4168016 	3546136 	3602496 	3986800 
3374416 	3500040 	3684800 	4168248 	3548296 	3604184 	3988224 
3374600 	3500832 	3685464 	4169560 	3548592 	3604512 	3988272 
3377040 	3501080 	3685520 	4170936 	3549728 	3604600 	3988392 
3377296 	3501704 	3686072 	4171688 	3550272 	3605224 	3989656 
3379912 	3503392 	3686312 	4172312 	3551792 	3606232 	3989776 
3380352 	3503400 	3686528 	4175600 	3552232 	3608304 	3990008 
3381104 	3503448 	3686664 	4176048 	3552496 	3609696 	3990048 
3381736 	3503624 	3687312 	4176368 	3552784 	3611896 	3990680 
3384728 	3504720 	3688160 	4176696 	3553264 	3611936 	3991544 
3385600 	3505312 	3688208 	4176768 	3554424 	3612728 	3991704 
3386032 	3507504 	3688768 	4176768 	3556384 	3613408 	3993176 
3386312 	3507608 	3689520 	4177040 	3556984 	3613936 	3999448 
3386624 	3508576 	3689976 	4179504 	3557072 	3615048 	3999576 
3389192 	3511536 	3690336 	4179856 	3557304 	3615272 	3999824 
3389416 	3512072 	3691696 	4181512 	3558784 	3615456 	3999936 
3390792 	3513328 	3692464 	4182480 	3559240 	3617032 	4001272 
3391552 	3513784 	3694624 	4183280 	3560032 	3617184 	4001464 
3392248 	3514664 	3696576 	4184160 	3560576 	3618600 	4002568 
3393032 	3516648 	3697872 	4184608 	3560920 	3618984 	4003472 
3398168 	3518480 	3698312 	4184792 	3561000 	3619256 	4003520 
3399080 	3518896 	3698528 	4186472 	3561032 	3619344 	4003712 
3399400 	3519216 	3699112 	4188184 	3561448 	3619576 	4004352 
3400040 	3519752 	3699320 	4188576 	3563152 	3620312 	4004912 
3403112 	3521032 	3699376 	4193464 	3563752 	3620448 	4005264 
3404200 	3524184 	3700176 	4194400 	3564056 	3621128 	4005744 
3404592 	3524944 	3700432 	4197200 	3564128 	3621360 	4005896 
3404872 	3525024 	3700472 	4198672 	3564304 	3622992 	4006816 
3405736 	3525392 	3700720 	4198936 	3564992 	3623016 	4006880 
3407120 	3525664 	3701016 	4200136 	3565360 	3623528 	4007488 
3407224 	3526272 	3702040 	4203368 	3565688 	3624344 	4007720 
3407776 	3527184 	3702576 	4203632 	3566104 	3625416 	4007880 
3408208 	3527864 	3702976 	4204104 	3568584 	3626896 	4008080 
3408560 	3529856 	3703360 	4208112 	3570296 	3627312 	4011160 
3410288 	3530216 	3703672 	4209528 	3571184 	3627496 	4013560 
3410624 	3530992 	3703880 	4209616 	3571264 	3627792 	4013632 
3412632 	3531352 	3705144 	4210400 	3571472 	3627880 	4014032 
3416976 	3532216 	3705240 	4213080 	3572216 	3628344 	4016256 
3419200 	3533744 	3705448 	4213232 	3572272 	3628720 	4017424 
3419296 	3534288 	3705520 	4213592 	3572520 	3628752 	4021552 
3419576 	3535176 	3707152 	4214984 	3573336 	3629360 	4023224 
3419704 	3535464 	3707776 	4215128 	3574304 	3629400 	4024280 
3420248 	3535608 	3708640 	4215376 	3575528 	3629512 	4025256 
3420624 	3535832 	3708800 	4216256 	3576192 	3629544 	4025808 
3421024 	3536152 	3709088 	4216408 	3576728 	3629768 	4026240 
3421800 	3536176 	3709896 	4216944 	3576824 	3629840 	4028952 
3423216 	3536800 	3709952 	4217448 	3578040 	3630456 	4029344 
3423744 	3537480 	3710208 	4217584 	3578672 	3631208 	4029592 
3426864 	3537520 	3710584 	4220832 	3579400 	3632560 	4030280 
3427240 	3538328 	3711392 	4221152 	3580408 	3632832 	4033488 
3427960 	3538936 	3712280 	4222616 	3580616 	3634264 	4034176 
3428248 	3539368 	3714072 	4224320 	3582616 	3634456 	4034480 
3429184 	3539456 	3715640 	4224568 	3583376 	3634752 	4034848 
3429248 	3539872 	3717848 	4224776 	3584096 	3635664 	4035616 
3430712 	3540488 	3719984 	4225104 	3584312 	3635760 	4037352 
3431104 	3541872 	3720320 	4227448 	3586576 	3636144 	4037528 
3431256 	3543808 	3722736 	4228352 	3587160 	3636376 	4037800 
3432560 	3544088 	3724792 	4228544 	3589032 	3637424 	4037880 
3432992 	3545112 	3726056 	4229056 	3589616 	3638416 	4038016 
3433584 	3546120 	3727264 	4230200 	3590488 	3640472 	4038360 
3434192 	3547240 	3728984 	4230560 	3591848 	3641136 	4039816 
3436376 	3547496 	3733952 	4231496 	3596480 	3641600 	4043944 
3438880 	3547520 	3734712 	4232416 	3596560 	3642176 	4044496 
3438968 	3549664 	3734816 	4234080 	3596872 	3645872 	4046704 
3439360 	3550144 	3735808 	4235224 	3598216 	3646544 	4047120 
3439904 	3551704 	3736416 	4235240 	3598816 	3650432 	4049368 
3440176 	3552168 	3737352 	4235280 	3599864 	3653200 	4050256 
3441088 	3552984 	3739088 	4236744 	3600192 	3653704 	4050896 
3441912 	3554104 	3739560 	4238560 	3601224 	3657072 	4051664 
3443552 	3556376 	3743640 	4238640 	3604056 	3657552 	4052208 
3443608 	3557000 	3745448 	4238640 	3604096 	3657768 	4053512 
3444792 	3557184 	3748272 	4241080 	3604392 	3657904 	4053528 
3445000 	3557456 	3749176 	4244576 	3605464 	3658968 	4054272 
3446168 	3557528 	3751832 	4244840 	3605632 	3659240 	4055712 
3448928 	3558728 	3752448 	4249584 	3607336 	3659856 	4058912 
3450400 	3559984 	3753160 	4254888 	3608224 	3663000 	4061064 
3450528 	3561216 	3753216 	4258760 	3609528 	3665000 	4061624 
3451072 	3561824 	3754432 	4259008 	3609616 	3665184 	4062888 
3454352 	3561912 	3754704 	4259416 	3610328 	3665936 	4065728 
3454568 	3564936 	3756376 	4262048 	3611312 	3666688 	4066672 
3455112 	3566040 	3757752 	4262472 	3612816 	3670064 	4067368 
3456200 	3569624 	3760656 	4262720 	3612840 	3673416 	4068096 
3458648 	3572080 	3762128 	4262832 	3612864 	3673992 	4068952 
3461560 	3572536 	3762408 	4263592 	3613680 	3674040 	4071400 
3462136 	3572616 	3762472 	4265448 	3615000 	3674472 	4072472 
3462832 	3574376 	3762672 	4266288 	3616552 	3676184 	4074368 
3462992 	3577056 	3763264 	4268872 	3623784 	3677296 	4075536 
3466384 	3581816 	3764976 	4272920 	3625496 	3678400 	4077592 
3466552 	3582328 	3765784 	4273968 	3626880 	3680312 	4079672 
3467112 	3582920 	3766256 	4274648 	3627080 	3680408 	4079720 
3467496 	3584536 	3766312 	4276208 	3627728 	3683792 	4082336 
3468104 	3585632 	3766808 	4276968 	3628904 	3684808 	4083392 
3468112 	3587024 	3767336 	4278016 	3629424 	3686336 	4086776 
3469896 	3590736 	3769512 	4278352 	3630232 	3686448 	4088536 
3470808 	3591624 	3769600 	4282864 	3630856 	3686576 	4092848 
3473832 	3594648 	3771784 	4283456 	3631800 	3689528 	4093232 
3474168 	3595480 	3773008 	4284128 	3632832 	3692480 	4094424 
3474656 	3596360 	3780408 	4286824 	3632848 	3693968 	4095840 
3474744 	3597552 	3782392 	4289840 	3636000 	3694672 	4096024 
3475064 	3598936 	3782496 	4290376 	3637696 	3695048 	4096400 
3475072 	3601864 	3786656 	4290528 	3639040 	3696608 	4098936 
3475856 	3602440 	3786672 	4291528 	3639720 	3697536 	4099032 
3477040 	3604984 	3786792 	4292792 	3640744 	3698240 	4100480 
3479280 	3605456 	3787096 	4293456 	3641264 	3699080 	4100640 
3480152 	3605968 	3787936 	4297888 	3644728 	3699784 	4102344 
3482936 	3606224 	3788200 	4298632 	3644872 	3700264 	4105000 
3483464 	3607408 	3791800 	4299736 	3645728 	3700368 	4105504 
3483592 	3610464 	3798528 	4300272 	3646200 	3700784 	4106536 
3484144 	3610984 	3799728 	4303544 	3650384 	3703456 	4107616 
3484952 	3612720 	3800024 	4303752 	3650384 	3703856 	4107624 
3486384 	3617120 	3800720 	4307608 	3651472 	3704728 	4109696 
3486720 	3619968 	3802064 	4307640 	3651744 	3705192 	4109992 
3487680 	3622424 	3802288 	4308728 	3651752 	3705344 	4117288 
3487800 	3623000 	3802592 	4313584 	3652896 	3705952 	4119840 
3488000 	3623880 	3807544 	4313640 	3655968 	3706584 	4120568 
3488096 	3624384 	3807920 	4313664 	3656304 	3708944 	4121224 
3489016 	3628192 	3809056 	4315520 	3657120 	3710432 	4125032 
3490752 	3628344 	3810656 	4315560 	3657416 	3712712 	4127232 
3492200 	3629248 	3810672 	4319888 	3658832 	3713216 	4127488 
3492648 	3629840 	3811616 	4321480 	3659128 	3717680 	4128424 
3494720 	3630272 	3812088 	4325968 	3659984 	3718856 	4128632 
3494824 	3632392 	3812952 	4328232 	3660112 	3719832 	4129248 
3495640 	3632864 	3814560 	4328720 	3662144 	3721016 	4134176 
3496536 	3633248 	3815208 	4329824 	3665664 	3724112 	4137336 
3498136 	3637504 	3816368 	4331664 	3667208 	3724608 	4137392 
3499272 	3642296 	3817080 	4333808 	3672616 	3724656 	4138320 
3501000 	3642960 	3817576 	4334608 	3675192 	3725088 	4138416 
3503320 	3643048 	3819248 	4334968 	3676560 	3730640 	4139160 
3504264 	3645512 	3820144 	4335376 	3676896 	3733704 	4139712 
3505880 	3645920 	3820272 	4336488 	3678568 	3733752 	4139824 
3506608 	3646400 	3823056 	4336512 	3682416 	3735848 	4140008 
3507072 	3647192 	3826040 	4337072 	3683520 	3736544 	4142336 
3508696 	3650784 	3827064 	4338176 	3683624 	3738672 	4143224 
3508696 	3655248 	3827528 	4343208 	3683720 	3743392 	4144584 
3509160 	3655960 	3828112 	4343312 	3686696 	3745544 	4144920 
3511192 	3656104 	3829672 	4343528 	3687536 	3747232 	4145528 
3511648 	3658904 	3830184 	4344864 	3689120 	3747304 	4146680 
3511720 	3659568 	3836776 	4346616 	3689368 	3747376 	4148808 
3511760 	3659608 	3838440 	4346944 	3690584 	3747928 	4149168 
3512296 	3660296 	3839832 	4348800 	3693944 	3748992 	4149696 
3513544 	3660608 	3841872 	4349224 	3695200 	3749352 	4155256 
3515488 	3662024 	3842240 	4350160 	3695672 	3751968 	4155744 
3518528 	3662048 	3843064 	4354480 	3697136 	3752720 	4158208 
3519592 	3662424 	3845152 	4355176 	3701672 	3757280 	4159424 
3519864 	3665656 	3845376 	4356080 	3701864 	3760248 	4161672 
3521024 	3667056 	3847232 	4360352 	3703696 	3761744 	4163248 
3521960 	3667392 	3853496 	4360648 	3705160 	3764448 	4163992 
3524480 	3668048 	3854640 	4360928 	3705616 	3765560 	4164640 
3525192 	3670072 	3855112 	4361880 	3706344 	3767608 	4165208 
3525328 	3673912 	3855272 	4363848 	3707208 	3768848 	4166552 
3525592 	3675368 	3855728 	4369840 	3709056 	3770464 	4166832 
3526384 	3677856 	3858912 	4373424 	3709432 	3771512 	4168816 
3528208 	3679936 	3860184 	4373448 	3714248 	3777192 	4170544 
3531208 	3682752 	3866120 	4377336 	3717384 	3777680 	4171368 
3531408 	3682800 	3867136 	4377848 	3717576 	3778136 	4171480 
3531664 	3683040 	3870216 	4380656 	3717664 	3779328 	4173192 
3532048 	3684640 	3870936 	4380752 	3718208 	3781280 	4174312 
3532312 	3686384 	3871912 	4381808 	3720752 	3782160 	4175384 
3532832 	3688256 	3872384 	4384848 	3722208 	3786824 	4178560 
3533992 	3688664 	3872888 	4385848 	3724320 	3786880 	4179480 
3535496 	3690264 	3873736 	4387328 	3726912 	3787336 	4181536 
3535872 	3690824 	3875768 	4389056 	3729376 	3787600 	4182104 
3536192 	3692656 	3876232 	4389096 	3730000 	3787784 	4184624 
3539184 	3692832 	3881240 	4389136 	3735528 	3789072 	4185848 
3541016 	3693984 	3883016 	4389560 	3737384 	3791272 	4186880 
3542680 	3695344 	3885120 	4389936 	3739568 	3792424 	4187976 
3543944 	3697840 	3888440 	4390800 	3740896 	3793944 	4194416 
3545112 	3698112 	3888504 	4391688 	3741368 	3795712 	4194744 
3546744 	3698512 	3895000 	4395840 	3741864 	3800624 	4195464 
3547560 	3699280 	3895424 	4397064 	3744768 	3800872 	4198416 
3549728 	3700320 	3899536 	4402048 	3745496 	3802136 	4199928 
3551488 	3704232 	3901480 	4402800 	3746232 	3802928 	4200720 
3553016 	3707304 	3901832 	4404960 	3746424 	3804216 	4201008 
3553160 	3708008 	3901864 	4404984 	3747712 	3806688 	4201144 
3553648 	3708208 	3902680 	4411816 	3750144 	3809000 	4203792 
3554552 	3709816 	3903256 	4415304 	3753960 	3809912 	4207344 
3556640 	3710968 	3903728 	4416160 	3760392 	3810760 	4216632 
3559808 	3711992 	3905560 	4419376 	3761512 	3814520 	4219168 
3560280 	3712976 	3906624 	4422072 	3762320 	3818528 	4229688 
3562200 	3717552 	3908448 	4422112 	3762776 	3819704 	4231280 
3563368 	3719296 	3915792 	4423528 	3765440 	3821408 	4232728 
3565312 	3720656 	3917968 	4425632 	3766136 	3825992 	4233520 
3567800 	3724264 	3919680 	4427312 	3767768 	3828808 	4234848 
3570448 	3725048 	3921448 	4434048 	3768512 	3829888 	4239888 
3570512 	3725968 	3927360 	4436320 	3769248 	3830936 	4241776 
3573776 	3726496 	3929408 	4446872 	3785232 	3832192 	4244008 
3575496 	3726576 	3934176 	4451584 	3785448 	3833064 	4248568 
3577296 	3735984 	3947136 	4453032 	3790128 	3847264 	4251360 
3577520 	3736728 	3947472 	4453416 	3791936 	3847736 	4253096 
3580192 	3745048 	3949792 	4456440 	3794208 	3847840 	4256528 
3580496 	3753368 	3949880 	4457656 	3794360 	3848208 	4260120 
3582144 	3761728 	3954248 	4458048 	3798880 	3848600 	4262392 
3582752 	3764712 	3954800 	4462464 	3799336 	3849480 	4263488 
3583496 	3766152 	3956544 	4463176 	3799832 	3850904 	4266144 
3588200 	3769376 	3958368 	4481352 	3800328 	3851296 	4269048 
3589544 	3772632 	3960096 	4482416 	3800424 	3852792 	4272984 
3589936 	3773832 	3971640 	4482536 	3813896 	3857024 	4274880 
3591736 	3775440 	3974928 	4485056 	3815872 	3858312 	4277616 
3594560 	3776400 	3980336 	4486176 	3828120 	3858672 	4278800 
3597336 	3776608 	3988208 	4506264 	3831320 	3858744 	4280776 
3597904 	3786816 	3992576 	4519080 	3836416 	3866336 	4281544 
3600008 	3790480 	3998184 	4520736 	3849208 	3866632 	4282216 
3601808 	3791776 	3998352 	4521664 	3850200 	3873176 	4284760 
3602088 	3792168 	3999256 	4529032 	3855776 	3873928 	4286736 
3602696 	3812872 	4000192 	4530768 	3861912 	3875792 	4300904 
3605576 	3814216 	4005208 	4531792 	3874392 	3896416 	4307944 
3605600 	3817224 	4011920 	4548208 	3881032 	3899568 	4322656 
3606320 	3818216 	4013464 	4557088 	3881064 	3900168 	4328968 
3608848 	3818880 	4017784 	4564648 	3882840 	3900472 	4336136 
3609416 	3820360 	4021008 	4567816 	3889400 	3907424 	4339672 
3609616 	3823720 	4027232 	4581472 	3890600 	3907672 	4340232 
3616024 	3827720 	4033024 	4586560 	3911384 	3909912 	4347800 
3617848 	3833008 	4039608 	4598288 	3918504 	3916464 	4354232 
3628144 	3838160 	4049088 	4600368 	3924872 	3917944 	4358208 
3632728 	3851296 	4053816 	4603984 	3943512 	3923192 	4362224 
3640120 	3874736 	4056352 	4606528 	3943536 	3924008 	4363464 
3640880 	3875536 	4066320 	4616176 	3951104 	3926960 	4372120 
3641920 	3892184 	4096904 	4623320 	3962712 	3931760 	4376464 
3643320 	3896024 	4098304 	4651256 	3984904 	3953960 	4381856 
3643800 	3896648 	4101584 	4657080 	4000520 	3970152 	4383224 
3653960 	3905384 	4104216 	4658856 	4013944 	3972248 	4392032 
3655000 	3905688 	4113864 	4661320 	4035040 	3980712 	4394608 
3657160 	3911760 	4115320 	4685112 	4053040 	3991016 	4405352 
3657184 	3917280 	4116408 	4685184 	4059744 	3992856 	4409440 
3660216 	3928608 	4116816 	4685968 	4077472 	3994168 	4416744 
3672808 	3941464 	4137408 	4686752 	4085128 	3994232 	4419344 
3672816 	3953728 	4138904 	4688360 	4106640 	4000952 	4425368 
3673400 	3965608 	4163320 	4719080 	4109488 	4006832 	4426368 
3674904 	3976496 	4178872 	4734864 	4129736 	4024568 	4455688 
3675288 	3977304 	4182208 	4736240 	4133048 	4052056 	4456736 
3676800 	4005792 	4212000 	4752848 	4139744 	4060432 	4493800 
3681416 	4024584 	4217912 	4771120 	4165288 	4066200 	4503160 
3682216 	4028312 	4225928 	4781472 	4168512 	4068040 	4525984 
3687792 	4030368 	4228808 	4798384 	4205008 	4074736 	4567440 
3689176 	4032360 	4235752 	4835824 	4227816 	4099424 	4582040 
3691968 	4043176 	4243184 	4890192 	4238336 	4125512 	4590840 
3710384 	4053208 	4258336 	4937312 	4305504 	4144216 	4597288 
3720776 	4061296 	4338216 	4955112 	4318744 	4146368 	4607864 
3728064 	4062560 	4344952 	5166344 	4321960 	4164240 	4635976 
3728312 	4073752 	4365840 	5171568 	4358360 	4223008 	4640872 
3730976 	4083784 	4373288 	5172864 	4379056 	4225984 	4681344 
3738056 	4124488 	4417552 	5241008 	4450160 	4247560 	4683744 
3738592 	4182672 	4433056 	5266144 	4522024 	4254184 	4733168 
3738960 	4191920 	4444608 	5304992 	4547264 	4286608 	4934664 
3739448 	4228632 	4447184 	5318576 	4601624 	4358768 	4970432 
3749696 	4279944 	4468104 	5340032 	4631176 	4387016 	4981496 
3765440 	4386064 	4469552 	5408648 	4667872 	4406760 	5058736 
3769832 	4399920 	4543120 	5467264 	4671448 	4458136 	5300536 
3787464 	4503280 	4606976 	5519184 	4768320 	4574512 	5345000 
3798008 	4557040 	4609224 	5653944 	4774416 	4719016 	5389536 
3802944 	4634992 	4655808 	5896688 	4775024 	4728240 	5430120 
3812744 	4660872 	4689816 	5912912 	4798848 	4783224 	5451512 
3822616 	4692648 	4708984 	5988160 	4818152 	4817184 	5556880 
3845696 	4765552 	4712472 	6102992 	4822696 	4846872 	5605568 
3846136 	4825648 	4843912 	6109296 	4841944 	4848032 	5817712 
3932704 	4829624 	4847992 	6168296 	4843376 	4855288 	5817912 
3941056 	4884152 	4863104 	6193368 	4851712 	4929520 	5821920 
3964080 	4885160 	4885920 	6194872 	4853200 	4930640 	5846336 
4016856 	4936104 	4901904 	6226752 	4887824 	4945304 	5871248 
4021424 	4941160 	4940680 	6267392 	4911464 	4953680 	5890128 
4037400 	5011824 	4968416 	6292136 	4940784 	4986032 	5923336 
4071376 	5035136 	5041560 	6316496 	4943536 	5011480 	5935568 
4084464 	5059320 	5080056 	6318816 	4958904 	5048512 	5940288 
4299640 	5099712 	5102408 	6322624 	4982288 	5061336 	5965296 
4483472 	5142160 	5245080 	6372776 	5008640 	5216736 	5986240 
4500632 	5152944 	5276448 	6420992 	5020112 	5222608 	6029784 
4542968 	5169760 	5277952 	6421080 	5022800 	5373096 	6073736 
4587000 	5180240 	5280144 	6597848 	5070984 	5387784 	6080696 
4718936 	5216264 	5295840 	6800504 	5085480 	5434488 	6082064 
4914736 	5280984 	5304344 	6899776 	5090008 	5480880 	6273320 
5023504 	5442024 	5435680 	7071792 	5090968 	5891736 	6378408 
5770656 	5735400 	5482816 	7719448 	5097440 	6635232 	7359096 
6222920 	8596320 	6777296 	7999264 	5428400 	7848800 	7778504 
