19149816 
22595160 
29843584 
19092632 
19156608 
19456272 
20932104 
18866368 
21738680 
21012352 
20947952 
18930728 
18812880 
19263760 
22998192 
19182000 
18921016 
19351600 
21404824 
22200688 
29216472 
19452136 
18994968 
19039072 
19358920 
19029736 
20332296 
18963928 
19020272 
18870632 
19346216 
19028752 
19422832 
19373064 
18959080 
19866800 
19025368 
19124984 
18882976 
19618824 
18978952 
18845576 
18893456 
19129472 
18984072 
19149792 
21237376 
21092488 
24844688 
27000824 
20610248 
20897896 
19203640 
28838056 
19005536 
19029568 
24153904 
18960272 
18888096 
19578528 
19143240 
19217160 
19004824 
19020560 
22976600 
20134096 
19131696 
19208760 
19172496 
20389064 
27436584 
19210528 
19558552 
19013696 
19604016 
19081728 
21078800 
21906208 
18914616 
19310320 
19185768 
18943208 
21255968 
22026792 
19171072 
18900408 
18976720 
20531656 
20028304 
19137840 
18920856 
18990760 
19048016 
20937152 
18970784 
18989976 
20473544 
21434944 
27701896 
19352104 
19370640 
21092264 
20219816 
21825696 
19347544 
25154632 
19528104 
18978432 
18905480 
22182408 
19210936 
21047136 
21997280 
22207984 
19020024 
20487736 
19374160 
22124592 
18847808 
20959400 
19407496 
19604544 
22754016 
20437224 
19636032 
19834376 
28578256 
19225392 
19329992 
19802344 
19237120 
19831112 
22173328 
29685064 
19335536 
29575768 
28483144 
19308624 
19297936 
28167904 
19637712 
26045072 
20114312 
26123864 
19091184 
25940896 
19748776 
19123192 
32882400 
29651800 
33704640 
24030144 
28148376 
19280528 
22141680 
20772440 
19204008 
19640976 
32255784 
21586976 
21129808 
22551816 
27493056 
22713600 
19065840 
18971432 
18914688 
19328728 
19181808 
19496776 
19595328 
19768920 
19268344 
19987680 
24797304 
19356416 
19646792 
18922176 
19683272 
19581664 
19373080 
19703344 
19459872 
19227712 
19182736 
19216224 
19414656 
30727144 
19494856 
19523656 
18912096 
19118560 
18848184 
31681960 
19117456 
19117920 
19398696 
19235128 
19209304 
18876416 
19031056 
19294152 
19456672 
18895776 
19379192 
23778208 
19710496 
18950224 
26308016 
19428216 
23111040 
19697368 
23397216 
18971216 
19051032 
18927136 
19007032 
18832808 
18996216 
18886960 
18992176 
32811400 
19522336 
23294400 
18865000 
18949024 
18918232 
18944592 
18961208 
18939896 
19461088 
25779464 
18807328 
18994384 
19039704 
18904136 
20743024 
20423944 
19406752 
18978936 
18845416 
18906568 
19076168 
23198232 
18883984 
19063776 
18954040 
19014296 
19446472 
19022392 
18940936 
18963256 
19460216 
19260952 
20358648 
19057632 
18970488 
19609800 
19072280 
19391008 
28089208 
18862168 
23582872 
22230792 
18948096 
19034880 
18971824 
20054960 
18835784 
18943368 
23019200 
19706160 
20354592 
19265744 
19668400 
19375488 
27703416 
19347840 
19802056 
19021088 
23125488 
21985992 
19186976 
19635544 
21815608 
18923904 
23516368 
18962128 
18980568 
19838312 
19125440 
18923104 
19007976 
24639248 
19001448 
18909024 
19039680 
18982560 
18921816 
19072432 
19101208 
22047208 
19182456 
19140984 
19217160 
18743848 
20886640 
24941712 
23822984 
20808216 
19084136 
21135944 
18988400 
23707760 
20422272 
19146112 
19373048 
19004992 
21625088 
19348376 
19531512 
19537288 
19940232 
19447768 
18979112 
23792096 
19686616 
19559120 
24663864 
25009528 
19493976 
19124816 
20009560 
30113232 
19510072 
19490552 
19063584 
23255792 
26198008 
19498928 
19072816 
30960400 
18970280 
19037104 
30756424 
19053416 
19011120 
19390504 
29194792 
30478160 
19019976 
22195976 
19076528 
19415976 
19988176 
19524344 
19350144 
19061512 
22258616 
19418400 
21833784 
18840568 
18967872 
21598968 
22167344 
19107512 
30582720 
31876696 
19298880 
19165584 
19044672 
21086056 
20607752 
23165336 
20701488 
21201584 
18976200 
19329104 
22171368 
19748856 
19408616 
25631616 
26603032 
18915000 
24423296 
20454280 
20110848 
29643312 
19387280 
19817128 
19434904 
22738920 
19653232 
32788880 
19723936 
19797848 
27603536 
19098568 
20104736 
21538008 
19233736 
18956832 
32656704 
19209704 
22266936 
19232552 
19942632 
22437832 
19283736 
21335760 
20211008 
19090472 
19418512 
19000192 
24153408 
19118408 
19535376 
19693088 
20370360 
18924008 
21744896 
19697032 
19067480 
18879904 
18974920 
22306192 
18965840 
18874664 
19015680 
23350216 
19004656 
18953536 
23385984 
24023352 
22385800 
21108904 
18945728 
25269928 
19907256 
19093776 
18945352 
19232664 
21910472 
18924752 
19299176 
19353896 
18862000 
19040048 
29652976 
27851504 
18802456 
19116032 
18909688 
18937248 
19177000 
18930456 
26416296 
19077552 
19524592 
19110504 
19890000 
19605464 
18989560 
18953520 
19070088 
18971584 
19047432 
18924528 
18974952 
20922264 
26767392 
19290552 
20019960 
19454424 
30966144 
30348624 
19407072 
19104832 
19010560 
18960632 
18898512 
19033872 
19595592 
18891704 
18948064 
19197264 
21354024 
18979912 
20774776 
18749400 
19529192 
19397496 
24960360 
19216200 
20986720 
19195176 
18921168 
22372928 
19038064 
21376664 
23340168 
18907960 
18900800 
19082016 
32727200 
19078384 
18962752 
19132056 
26839648 
18920128 
19077888 
19120080 
18949952 
18999888 
19016640 
18996032 
19581640 
20964496 
19048792 
19601832 
19013864 
23324664 
18847256 
33431104 
24032688 
19229968 
18911192 
18933200 
18995896 
18883064 
27892176 
32299000 
19448704 
18961568 
19120352 
26331128 
18838080 
18901744 
18844704 
18985432 
19775496 
18969736 
18881072 
27223256 
19410736 
19242816 
23452952 
22942800 
23094808 
19093464 
18992816 
18963136 
25622400 
19072736 
18831392 
19124296 
19636856 
18875464 
18986296 
18964024 
19319624 
19051840 
22514872 
21761864 
19457328 
18985232 
18844608 
19171968 
18970304 
19067280 
19389936 
19500088 
22526608 
19194728 
19265528 
21840184 
32177264 
19001752 
26106240 
18828440 
18852160 
18991320 
18977616 
18981080 
18824128 
19181224 
23287128 
18895768 
19426200 
18866712 
19108440 
18953144 
18848728 
19103704 
18953488 
18924168 
22103368 
19077832 
19066904 
18962744 
27959152 
21698336 
19167960 
18997680 
19445920 
18934616 
19308168 
27143800 
18899840 
19387672 
18955856 
19010160 
19304624 
20576840 
28842224 
19103648 
18961088 
29672840 
18959040 
23464264 
18887200 
19009120 
18945312 
23983312 
19069176 
18949280 
19002896 
19039640 
19208760 
27094000 
18840456 
19051480 
22922936 
18866192 
20557224 
19019592 
21458096 
19038464 
18887928 
19334368 
19288192 
19024496 
18947912 
18851336 
21787592 
27911424 
31556424 
19025664 
19180744 
25397112 
18906000 
18898080 
21769872 
23688344 
19288200 
18850080 
18786728 
18938328 
25543592 
18897904 
19455656 
18965472 
19110680 
22622456 
19351928 
21398416 
19623648 
19331568 
20324312 
20332184 
19524944 
21397336 
19177408 
26974112 
19093088 
25468504 
19228464 
22621976 
20944296 
21690568 
21037256 
19674992 
19010168 
19270976 
27415680 
19843392 
25232096 
18991488 
19158696 
19453776 
26003888 
19776400 
34614976 
19390264 
21709032 
19574696 
19236168 
19009984 
19336632 
23228072 
23503440 
21189632 
19761336 
19090712 
19985584 
19358472 
20310432 
19533200 
19285056 
19734544 
19630424 
19166488 
19034768 
22687736 
19239304 
18901288 
19729160 
19276136 
19356336 
26309256 
19423616 
19153544 
19459936 
19508712 
19147776 
19021368 
19335712 
21825704 
18946696 
19199944 
19738752 
19247336 
26623128 
28933200 
25418944 
30332888 
19938544 
22718656 
23221768 
19893848 
19232904 
19217792 
19429360 
27517264 
19420464 
21617856 
19498256 
19290232 
20398520 
20638312 
23529600 
19340712 
18875960 
19027616 
25755776 
19459864 
20580272 
20430264 
25091080 
19720240 
19316928 
25062624 
19784896 
18891032 
24911808 
18964600 
21884384 
20161248 
19858440 
35368928 
19296392 
19839368 
19102408 
19485008 
20415048 
21406080 
23534664 
19450952 
21812688 
19336728 
18827560 
19247736 
21128464 
19136464 
19095616 
22823752 
22026712 
19404744 
19480232 
19546336 
20616520 
19370544 
24362728 
20560376 
19672768 
19328584 
19361432 
21024688 
19292768 
22643536 
23599944 
26281720 
20430616 
19674896 
21983816 
21402248 
19372328 
20842624 
21742720 
25308032 
19685576 
23859856 
19100328 
19743352 
19024832 
19205696 
19968216 
19352248 
19926480 
19746816 
19065432 
21658816 
23502952 
19716928 
18881632 
19390464 
18999616 
21074176 
26036040 
21245888 
24750384 
26974632 
19148056 
23456744 
29897648 
19904536 
29483608 
25744352 
18913712 
22692744 
20699712 
19183064 
20444656 
24280944 
18950432 
19336552 
19322744 
20443728 
22307112 
19184400 
20892568 
20833648 
19479000 
19687552 
19760128 
19375264 
19211408 
19747992 
20903072 
19151720 
20182792 
19673440 
24252888 
19410672 
22016992 
20060936 
19237056 
19728424 
19160232 
19145584 
23920360 
19354904 
26923264 
19230824 
19380056 
19092992 
24017640 
18974096 
19778720 
19195800 
20645360 
20075520 
18966872 
22987520 
19348296 
19234104 
19498896 
19037184 
19503568 
21559936 
18989720 
19383768 
19200352 
19159360 
19669184 
18865952 
19248296 
23243504 
19204880 
19027064 
22411408 
21060256 
19241184 
19074504 
19022376 
20372072 
21268840 
19268056 
19907776 
19220344 
21843896 
19632064 
19337376 
27585856 
19454472 
19593856 
19169400 
19287648 
19007600 
19194968 
20543832 
18960672 
21908000 
21253904 
22550864 
18991760 
21823824 
19002160 
22659016 
19042880 
19467320 
19482392 
19219952 
18948752 
21076472 
20443832 
18989104 
19383296 
19066384 
20619096 
21306632 
19945080 
19349656 
19253968 
18953496 
21332568 
19096488 
19942080 
19693192 
19048672 
19355072 
19112528 
19145320 
21125432 
19883784 
19060864 
19786760 
31462192 
18986872 
28285696 
19172632 
28903168 
28653352 
28357376 
19440176 
19482320 
19857040 
19452648 
20041320 
20903256 
19478048 
23969904 
25431008 
20982704 
20270704 
19098264 
30844344 
19392136 
20159360 
18983992 
24928824 
19456448 
19249600 
19392608 
20072744 
19090992 
24228720 
21167808 
19325904 
31164048 
19024560 
19200536 
19648912 
24939600 
19494424 
19116472 
19189152 
21283536 
33532232 
22655984 
