18610928 
16805232 
9875008 
11246408 
9827864 
9802288 
9895888 
10431864 
10618800 
9853344 
11555584 
9762496 
9735344 
9982808 
9908280 
12195512 
10073792 
9820120 
10987184 
10207752 
11432472 
11159952 
18362808 
10234920 
14609784 
9562480 
9605488 
10316720 
9902720 
10157832 
10781704 
11525360 
10868752 
9892624 
10178272 
11883504 
9848264 
11781632 
9844728 
16551168 
10645224 
11191616 
10292656 
10038944 
11844456 
15246424 
9798376 
10198664 
10092920 
26166264 
10640856 
12310392 
9967712 
15864304 
10560392 
10674192 
9893720 
10148144 
10861816 
9756640 
12932912 
9663424 
9539896 
9851448 
12827936 
18828432 
9590680 
12997896 
9586240 
11153992 
10447336 
9583184 
9642928 
9568624 
10691488 
9658016 
15816504 
9811064 
11779832 
9718800 
14730536 
10089320 
17462288 
9594456 
10460912 
9883776 
11548368 
21744240 
10583688 
10041240 
10370680 
9577568 
10114960 
10307304 
10244096 
9971136 
9957048 
10970480 
12715592 
9877808 
9796360 
10096824 
10839096 
9938600 
12162200 
9844496 
9861048 
9795976 
19628312 
16797944 
9708728 
10004592 
10373288 
10070360 
10212368 
13279800 
9882280 
19483536 
12609880 
9863016 
12184128 
9983272 
11821368 
10581976 
13451744 
11436112 
9659040 
10305160 
13640832 
12334752 
9994800 
9790680 
9551928 
15123872 
10284240 
9924896 
9769088 
9864488 
9717536 
10009672 
9827536 
9947912 
9891464 
10065040 
9795216 
14389280 
10157536 
10004232 
9782400 
9718936 
12086408 
9897024 
19087048 
13539160 
9731560 
10009776 
9652608 
10074568 
17529864 
9891064 
10162264 
15136352 
9859384 
9604336 
20165208 
16424664 
12043736 
15641904 
9770344 
9745248 
9846176 
9669064 
11065640 
10535152 
9998072 
9995160 
9759912 
10014152 
9991216 
9894976 
10105464 
11872280 
10338088 
10167056 
9855016 
10654152 
9715496 
19434720 
12563520 
9715736 
11938208 
18782680 
9795072 
9761504 
9715976 
9655112 
11331120 
10817672 
11900864 
9666936 
9943416 
9906744 
10078608 
9972928 
9891016 
9891584 
10243592 
10118936 
9694264 
9985728 
9770584 
9709592 
10032624 
9823440 
13661304 
9748336 
10033024 
9923856 
12618448 
10210296 
10739896 
10026064 
11576824 
9991856 
12259904 
11817336 
10140384 
11231496 
15865504 
12521512 
9838848 
10806128 
11358352 
12799096 
10205184 
9895960 
13123208 
10193192 
12234424 
10141760 
10456880 
9680016 
11785256 
10440760 
10092512 
19887592 
13268832 
10180440 
9630360 
17352616 
12623680 
12851496 
9962912 
10038624 
12997896 
16317440 
10815424 
9983280 
23091816 
10056480 
11447136 
15578120 
10162136 
10107008 
10271440 
9790024 
12186152 
9873400 
10633128 
20667816 
11005720 
9703520 
9902352 
10032120 
9860600 
9916800 
9999496 
9815784 
15907568 
9925672 
9675112 
9911744 
9892944 
10799096 
10136600 
10174584 
12351080 
9976912 
11200904 
13682976 
10041856 
11655048 
10880560 
10249064 
10331224 
9602456 
10650744 
10679072 
11109672 
9760784 
10053896 
9966088 
9840376 
12083824 
21233792 
9689496 
10417632 
9871344 
11330840 
10836152 
10110376 
10322736 
10303792 
21156200 
11527224 
9661248 
14349120 
10537968 
9720000 
9976576 
10109000 
11789072 
10060104 
10715912 
10327984 
10356320 
10217480 
9913744 
11350432 
12015480 
14915080 
12423312 
11220816 
9888712 
10046224 
10950848 
9930568 
10245056 
14919880 
9987376 
9990560 
10430776 
9681152 
11266280 
9966824 
9822328 
10155056 
10381032 
11548120 
10071544 
9862608 
9990064 
21910352 
9751808 
16631232 
19572136 
10507880 
10112384 
16442624 
11374680 
17161896 
10206536 
11058768 
11408024 
10729216 
13376352 
10132112 
10018976 
9784400 
9854832 
9904896 
12105696 
9767344 
10566824 
9651432 
9984232 
9855264 
13739112 
11239120 
10735224 
11940240 
10373336 
11260048 
10079344 
9947968 
9776016 
9807376 
10741888 
10063624 
10317680 
10703024 
10070960 
9799648 
10156432 
9846432 
10037152 
12278432 
11983416 
10573912 
10129360 
9933680 
10614200 
10324808 
10389640 
10188560 
16083376 
10043216 
18288920 
9994928 
10418520 
10583256 
11706840 
15345888 
9658432 
11952984 
10061576 
10152808 
10148016 
10260072 
11823248 
12084072 
10174440 
10043048 
11833872 
10395976 
9867816 
10819488 
10064416 
9920376 
17106064 
10458432 
10209840 
9874080 
10065744 
9858048 
12603088 
10738832 
9898752 
10054120 
10504200 
12019040 
9855320 
9861704 
10344000 
10095888 
10056312 
10218248 
10145000 
9773168 
11160120 
10043824 
16334656 
9819056 
9876288 
9740256 
9726016 
10290168 
9806008 
9928568 
10333952 
10363352 
9727816 
9713656 
9845408 
12533248 
11869872 
9741224 
12946832 
20289360 
12597368 
9676712 
9816128 
9810360 
11917120 
18913352 
12979880 
12648160 
9835480 
9875400 
9946128 
10267816 
9856208 
10008536 
9779728 
12629832 
10026120 
9904848 
10535560 
10284792 
11118520 
10503152 
9969368 
10242048 
11293352 
9889320 
9701144 
9763792 
9778704 
9774824 
10140040 
9591016 
10113344 
11725368 
9989120 
9790320 
10397840 
9966376 
10305112 
10145336 
10037192 
9809760 
9880832 
15348808 
12178944 
10124408 
13513800 
10016112 
10007656 
9936520 
9758944 
10009824 
9781840 
25006216 
12902320 
9911888 
9888392 
10777696 
9824856 
10048488 
9739056 
18821912 
10115120 
9861544 
14557160 
12824904 
12445824 
14069328 
9964888 
9938960 
9927800 
10822776 
10510352 
10584880 
9916664 
19272512 
10520264 
9785752 
9976248 
10095280 
9735504 
10603984 
10389224 
9827360 
10220416 
10033504 
10182696 
11130648 
19565568 
9912960 
10025192 
10467968 
9959016 
9907304 
12051112 
10470328 
10237848 
11372624 
11449840 
9981576 
9697984 
9723016 
9926504 
16213840 
9961704 
9985176 
9710448 
18692704 
18790528 
11027984 
10133616 
10339408 
17907760 
10210032 
9609176 
14784680 
9634728 
15215288 
10461200 
10123264 
9881944 
9726568 
9901752 
10378256 
11925512 
10179584 
10627544 
17587792 
17183984 
10418272 
9753560 
11540344 
10382328 
12826576 
11363864 
10692888 
9930512 
10007520 
13212728 
10504688 
10590064 
21212528 
9673984 
14923592 
17410736 
11283016 
18708328 
11367896 
11909648 
15502656 
9872504 
10566024 
10459328 
9668368 
9751648 
9871416 
13513752 
9981592 
14102184 
9722408 
10469208 
9979336 
10149144 
10484840 
9934624 
11979768 
9918432 
10022464 
9727056 
20174648 
9953752 
10082520 
9946480 
10159088 
10061128 
9752808 
13247648 
10221888 
9982976 
10923904 
19051328 
10524608 
12095056 
14478736 
16301648 
10206360 
10068296 
12622304 
16808280 
10738640 
11168392 
10480536 
9826448 
10242680 
9723512 
9789216 
10030848 
9879160 
9733976 
11530128 
9753568 
10160472 
10658080 
22471968 
9834592 
10662080 
9787192 
9794232 
9787008 
10957744 
11497968 
10434768 
10224848 
10369064 
9941648 
12855968 
9686696 
9997616 
10159336 
9997000 
12205528 
22715680 
10066320 
10259056 
10370752 
9657368 
10025720 
10048800 
10133128 
9839392 
14557576 
9682808 
15141008 
13011240 
11286024 
12706720 
11205088 
10639736 
9788480 
10108560 
9598152 
10307512 
10064280 
9938176 
9893176 
11237856 
9983224 
10342944 
13700144 
10290952 
11895096 
9756176 
10249824 
14293184 
10652664 
12582208 
9953952 
9738688 
16730736 
11364576 
9946224 
10244816 
10461240 
9882568 
13024328 
9958432 
9714016 
11733128 
9769296 
13891464 
10022464 
10039488 
10057224 
10724936 
9679296 
19781008 
10224288 
10250640 
9585456 
9592928 
11441104 
9831360 
9948616 
14479600 
10163128 
10321328 
11138720 
10255488 
10082760 
9911568 
9957232 
9883808 
14375520 
9962088 
9939824 
12006696 
10269080 
10139344 
9798048 
10156776 
10519088 
9950824 
10159120 
12857576 
9971272 
10417696 
10765840 
9951720 
10186064 
10389704 
15246344 
10666640 
10316552 
10327368 
11334456 
9624832 
9937056 
9869296 
10222168 
10025712 
11020624 
10161296 
9690056 
10697552 
10036520 
12749208 
25367048 
11600216 
13532848 
9693640 
11913520 
10106120 
11329040 
10527368 
9928744 
10029320 
10665176 
10343496 
17316832 
10221480 
10280632 
19551040 
10931952 
10395392 
9892744 
9622648 
10592048 
13265784 
9638192 
9813864 
9620504 
11344792 
9919600 
11832144 
20023024 
14819304 
9783032 
9905496 
9829568 
10270240 
9902112 
9861592 
9734704 
9811432 
15931584 
9889928 
10155568 
10052216 
11898800 
10078904 
10224232 
11863320 
9644744 
10466392 
10104776 
10070600 
9967216 
9721920 
17220704 
9872808 
17745304 
16016520 
11419048 
24577976 
15175536 
14595568 
10168232 
10715536 
22457456 
9777792 
9755184 
15809152 
15415504 
9569888 
10146216 
10620248 
9829624 
9698256 
9911784 
9838824 
22787016 
11820576 
9999136 
21696784 
17847488 
9856920 
9799040 
16678384 
11284104 
10075480 
9689184 
19231072 
12919472 
9944832 
10174448 
9883624 
9991160 
9979864 
10524064 
12192592 
9800712 
10933992 
9614112 
11968360 
9708848 
9768056 
9692696 
10023016 
9668928 
9954848 
9719320 
10025736 
14351232 
9714360 
9876456 
22116736 
9910744 
9879064 
9862584 
10127512 
9643760 
9802336 
9855464 
10671296 
14169952 
9639464 
9652024 
10071856 
9742576 
10471296 
9911456 
10385024 
9822024 
9752608 
9882928 
9782296 
9614240 
9868488 
9698360 
9628064 
9712152 
9615856 
9772592 
9766312 
9671208 
9634096 
10277304 
10074824 
10954544 
10296448 
10294760 
12133832 
11851360 
11217640 
9972792 
9693176 
11323672 
12989808 
10074488 
12313984 
9928328 
10140184 
15174392 
12179984 
10239096 
9967744 
10526256 
10042048 
11542448 
10012744 
9868792 
10623840 
10229816 
18394312 
10083216 
9835608 
9866016 
10122848 
13408928 
10001848 
11344584 
11741288 
9642192 
13150504 
10265208 
10354216 
10273984 
9854320 
9998064 
9669976 
19789456 
17334960 
10194648 
11726744 
9970352 
11519992 
9892264 
10087664 
9881648 
9813032 
9872976 
9758064 
17355304 
9866896 
9927056 
9624280 
12704480 
9918472 
13681024 
9833384 
9926936 
