19149816 	18610928 
22595160 	16805232 
29843584 	9875008 
19092632 	11246408 
19156608 	9827864 
19456272 	9802288 
20932104 	9895888 
18866368 	10431864 
21738680 	10618800 
21012352 	9853344 
20947952 	11555584 
18930728 	9762496 
18812880 	9735344 
19263760 	9982808 
22998192 	9908280 
19182000 	12195512 
18921016 	10073792 
19351600 	9820120 
21404824 	10987184 
22200688 	10207752 
29216472 	11432472 
19452136 	11159952 
18994968 	18362808 
19039072 	10234920 
19358920 	14609784 
19029736 	9562480 
20332296 	9605488 
18963928 	10316720 
19020272 	9902720 
18870632 	10157832 
19346216 	10781704 
19028752 	11525360 
19422832 	10868752 
19373064 	9892624 
18959080 	10178272 
19866800 	11883504 
19025368 	9848264 
19124984 	11781632 
18882976 	9844728 
19618824 	16551168 
18978952 	10645224 
18845576 	11191616 
18893456 	10292656 
19129472 	10038944 
18984072 	11844456 
19149792 	15246424 
21237376 	9798376 
21092488 	10198664 
24844688 	10092920 
27000824 	26166264 
20610248 	10640856 
20897896 	12310392 
19203640 	9967712 
28838056 	15864304 
19005536 	10560392 
19029568 	10674192 
24153904 	9893720 
18960272 	10148144 
18888096 	10861816 
19578528 	9756640 
19143240 	12932912 
19217160 	9663424 
19004824 	9539896 
19020560 	9851448 
22976600 	12827936 
20134096 	18828432 
19131696 	9590680 
19208760 	12997896 
19172496 	9586240 
20389064 	11153992 
27436584 	10447336 
19210528 	9583184 
19558552 	9642928 
19013696 	9568624 
19604016 	10691488 
19081728 	9658016 
21078800 	15816504 
21906208 	9811064 
18914616 	11779832 
19310320 	9718800 
19185768 	14730536 
18943208 	10089320 
21255968 	17462288 
22026792 	9594456 
19171072 	10460912 
18900408 	9883776 
18976720 	11548368 
20531656 	21744240 
20028304 	10583688 
19137840 	10041240 
18920856 	10370680 
18990760 	9577568 
19048016 	10114960 
20937152 	10307304 
18970784 	10244096 
18989976 	9971136 
20473544 	9957048 
21434944 	10970480 
27701896 	12715592 
19352104 	9877808 
19370640 	9796360 
21092264 	10096824 
20219816 	10839096 
21825696 	9938600 
19347544 	12162200 
25154632 	9844496 
19528104 	9861048 
18978432 	9795976 
18905480 	19628312 
22182408 	16797944 
19210936 	9708728 
21047136 	10004592 
21997280 	10373288 
22207984 	10070360 
19020024 	10212368 
20487736 	13279800 
19374160 	9882280 
22124592 	19483536 
18847808 	12609880 
20959400 	9863016 
19407496 	12184128 
19604544 	9983272 
22754016 	11821368 
20437224 	10581976 
19636032 	13451744 
19834376 	11436112 
28578256 	9659040 
19225392 	10305160 
19329992 	13640832 
19802344 	12334752 
19237120 	9994800 
19831112 	9790680 
22173328 	9551928 
29685064 	15123872 
19335536 	10284240 
29575768 	9924896 
28483144 	9769088 
19308624 	9864488 
19297936 	9717536 
28167904 	10009672 
19637712 	9827536 
26045072 	9947912 
20114312 	9891464 
26123864 	10065040 
19091184 	9795216 
25940896 	14389280 
19748776 	10157536 
19123192 	10004232 
32882400 	9782400 
29651800 	9718936 
33704640 	12086408 
24030144 	9897024 
28148376 	19087048 
19280528 	13539160 
22141680 	9731560 
20772440 	10009776 
19204008 	9652608 
19640976 	10074568 
32255784 	17529864 
21586976 	9891064 
21129808 	10162264 
22551816 	15136352 
27493056 	9859384 
22713600 	9604336 
19065840 	20165208 
18971432 	16424664 
18914688 	12043736 
19328728 	15641904 
19181808 	9770344 
19496776 	9745248 
19595328 	9846176 
19768920 	9669064 
19268344 	11065640 
19987680 	10535152 
24797304 	9998072 
19356416 	9995160 
19646792 	9759912 
18922176 	10014152 
19683272 	9991216 
19581664 	9894976 
19373080 	10105464 
19703344 	11872280 
19459872 	10338088 
19227712 	10167056 
19182736 	9855016 
19216224 	10654152 
19414656 	9715496 
30727144 	19434720 
19494856 	12563520 
19523656 	9715736 
18912096 	11938208 
19118560 	18782680 
18848184 	9795072 
31681960 	9761504 
19117456 	9715976 
19117920 	9655112 
19398696 	11331120 
19235128 	10817672 
19209304 	11900864 
18876416 	9666936 
19031056 	9943416 
19294152 	9906744 
19456672 	10078608 
18895776 	9972928 
19379192 	9891016 
23778208 	9891584 
19710496 	10243592 
18950224 	10118936 
26308016 	9694264 
19428216 	9985728 
23111040 	9770584 
19697368 	9709592 
23397216 	10032624 
18971216 	9823440 
19051032 	13661304 
18927136 	9748336 
19007032 	10033024 
18832808 	9923856 
18996216 	12618448 
18886960 	10210296 
18992176 	10739896 
32811400 	10026064 
19522336 	11576824 
23294400 	9991856 
18865000 	12259904 
18949024 	11817336 
18918232 	10140384 
18944592 	11231496 
18961208 	15865504 
18939896 	12521512 
19461088 	9838848 
25779464 	10806128 
18807328 	11358352 
18994384 	12799096 
19039704 	10205184 
18904136 	9895960 
20743024 	13123208 
20423944 	10193192 
19406752 	12234424 
18978936 	10141760 
18845416 	10456880 
18906568 	9680016 
19076168 	11785256 
23198232 	10440760 
18883984 	10092512 
19063776 	19887592 
18954040 	13268832 
19014296 	10180440 
19446472 	9630360 
19022392 	17352616 
18940936 	12623680 
18963256 	12851496 
19460216 	9962912 
19260952 	10038624 
20358648 	12997896 
19057632 	16317440 
18970488 	10815424 
19609800 	9983280 
19072280 	23091816 
19391008 	10056480 
28089208 	11447136 
18862168 	15578120 
23582872 	10162136 
22230792 	10107008 
18948096 	10271440 
19034880 	9790024 
18971824 	12186152 
20054960 	9873400 
18835784 	10633128 
18943368 	20667816 
23019200 	11005720 
19706160 	9703520 
20354592 	9902352 
19265744 	10032120 
19668400 	9860600 
19375488 	9916800 
27703416 	9999496 
19347840 	9815784 
19802056 	15907568 
19021088 	9925672 
23125488 	9675112 
21985992 	9911744 
19186976 	9892944 
19635544 	10799096 
21815608 	10136600 
18923904 	10174584 
23516368 	12351080 
18962128 	9976912 
18980568 	11200904 
19838312 	13682976 
19125440 	10041856 
18923104 	11655048 
19007976 	10880560 
24639248 	10249064 
19001448 	10331224 
18909024 	9602456 
19039680 	10650744 
18982560 	10679072 
18921816 	11109672 
19072432 	9760784 
19101208 	10053896 
22047208 	9966088 
19182456 	9840376 
19140984 	12083824 
19217160 	21233792 
18743848 	9689496 
20886640 	10417632 
24941712 	9871344 
23822984 	11330840 
20808216 	10836152 
19084136 	10110376 
21135944 	10322736 
18988400 	10303792 
23707760 	21156200 
20422272 	11527224 
19146112 	9661248 
19373048 	14349120 
19004992 	10537968 
21625088 	9720000 
19348376 	9976576 
19531512 	10109000 
19537288 	11789072 
19940232 	10060104 
19447768 	10715912 
18979112 	10327984 
23792096 	10356320 
19686616 	10217480 
19559120 	9913744 
24663864 	11350432 
25009528 	12015480 
19493976 	14915080 
19124816 	12423312 
20009560 	11220816 
30113232 	9888712 
19510072 	10046224 
19490552 	10950848 
19063584 	9930568 
23255792 	10245056 
26198008 	14919880 
19498928 	9987376 
19072816 	9990560 
30960400 	10430776 
18970280 	9681152 
19037104 	11266280 
30756424 	9966824 
19053416 	9822328 
19011120 	10155056 
19390504 	10381032 
29194792 	11548120 
30478160 	10071544 
19019976 	9862608 
22195976 	9990064 
19076528 	21910352 
19415976 	9751808 
19988176 	16631232 
19524344 	19572136 
19350144 	10507880 
19061512 	10112384 
22258616 	16442624 
19418400 	11374680 
21833784 	17161896 
18840568 	10206536 
18967872 	11058768 
21598968 	11408024 
22167344 	10729216 
19107512 	13376352 
30582720 	10132112 
31876696 	10018976 
19298880 	9784400 
19165584 	9854832 
19044672 	9904896 
21086056 	12105696 
20607752 	9767344 
23165336 	10566824 
20701488 	9651432 
21201584 	9984232 
18976200 	9855264 
19329104 	13739112 
22171368 	11239120 
19748856 	10735224 
19408616 	11940240 
25631616 	10373336 
26603032 	11260048 
18915000 	10079344 
24423296 	9947968 
20454280 	9776016 
20110848 	9807376 
29643312 	10741888 
19387280 	10063624 
19817128 	10317680 
19434904 	10703024 
22738920 	10070960 
19653232 	9799648 
32788880 	10156432 
19723936 	9846432 
19797848 	10037152 
27603536 	12278432 
19098568 	11983416 
20104736 	10573912 
21538008 	10129360 
19233736 	9933680 
18956832 	10614200 
32656704 	10324808 
19209704 	10389640 
22266936 	10188560 
19232552 	16083376 
19942632 	10043216 
22437832 	18288920 
19283736 	9994928 
21335760 	10418520 
20211008 	10583256 
19090472 	11706840 
19418512 	15345888 
19000192 	9658432 
24153408 	11952984 
19118408 	10061576 
19535376 	10152808 
19693088 	10148016 
20370360 	10260072 
18924008 	11823248 
21744896 	12084072 
19697032 	10174440 
19067480 	10043048 
18879904 	11833872 
18974920 	10395976 
22306192 	9867816 
18965840 	10819488 
18874664 	10064416 
19015680 	9920376 
23350216 	17106064 
19004656 	10458432 
18953536 	10209840 
23385984 	9874080 
24023352 	10065744 
22385800 	9858048 
21108904 	12603088 
18945728 	10738832 
25269928 	9898752 
19907256 	10054120 
19093776 	10504200 
18945352 	12019040 
19232664 	9855320 
21910472 	9861704 
18924752 	10344000 
19299176 	10095888 
19353896 	10056312 
18862000 	10218248 
19040048 	10145000 
29652976 	9773168 
27851504 	11160120 
18802456 	10043824 
19116032 	16334656 
18909688 	9819056 
18937248 	9876288 
19177000 	9740256 
18930456 	9726016 
26416296 	10290168 
19077552 	9806008 
19524592 	9928568 
19110504 	10333952 
19890000 	10363352 
19605464 	9727816 
18989560 	9713656 
18953520 	9845408 
19070088 	12533248 
18971584 	11869872 
19047432 	9741224 
18924528 	12946832 
18974952 	20289360 
20922264 	12597368 
26767392 	9676712 
19290552 	9816128 
20019960 	9810360 
19454424 	11917120 
30966144 	18913352 
30348624 	12979880 
19407072 	12648160 
19104832 	9835480 
19010560 	9875400 
18960632 	9946128 
18898512 	10267816 
19033872 	9856208 
19595592 	10008536 
18891704 	9779728 
18948064 	12629832 
19197264 	10026120 
21354024 	9904848 
18979912 	10535560 
20774776 	10284792 
18749400 	11118520 
19529192 	10503152 
19397496 	9969368 
24960360 	10242048 
19216200 	11293352 
20986720 	9889320 
19195176 	9701144 
18921168 	9763792 
22372928 	9778704 
19038064 	9774824 
21376664 	10140040 
23340168 	9591016 
18907960 	10113344 
18900800 	11725368 
19082016 	9989120 
32727200 	9790320 
19078384 	10397840 
18962752 	9966376 
19132056 	10305112 
26839648 	10145336 
18920128 	10037192 
19077888 	9809760 
19120080 	9880832 
18949952 	15348808 
18999888 	12178944 
19016640 	10124408 
18996032 	13513800 
19581640 	10016112 
20964496 	10007656 
19048792 	9936520 
19601832 	9758944 
19013864 	10009824 
23324664 	9781840 
18847256 	25006216 
33431104 	12902320 
24032688 	9911888 
19229968 	9888392 
18911192 	10777696 
18933200 	9824856 
18995896 	10048488 
18883064 	9739056 
27892176 	18821912 
32299000 	10115120 
19448704 	9861544 
18961568 	14557160 
19120352 	12824904 
26331128 	12445824 
18838080 	14069328 
18901744 	9964888 
18844704 	9938960 
18985432 	9927800 
19775496 	10822776 
18969736 	10510352 
18881072 	10584880 
27223256 	9916664 
19410736 	19272512 
19242816 	10520264 
23452952 	9785752 
22942800 	9976248 
23094808 	10095280 
19093464 	9735504 
18992816 	10603984 
18963136 	10389224 
25622400 	9827360 
19072736 	10220416 
18831392 	10033504 
19124296 	10182696 
19636856 	11130648 
18875464 	19565568 
18986296 	9912960 
18964024 	10025192 
19319624 	10467968 
19051840 	9959016 
22514872 	9907304 
21761864 	12051112 
19457328 	10470328 
18985232 	10237848 
18844608 	11372624 
19171968 	11449840 
18970304 	9981576 
19067280 	9697984 
19389936 	9723016 
19500088 	9926504 
22526608 	16213840 
19194728 	9961704 
19265528 	9985176 
21840184 	9710448 
32177264 	18692704 
19001752 	18790528 
26106240 	11027984 
18828440 	10133616 
18852160 	10339408 
18991320 	17907760 
18977616 	10210032 
18981080 	9609176 
18824128 	14784680 
19181224 	9634728 
23287128 	15215288 
18895768 	10461200 
19426200 	10123264 
18866712 	9881944 
19108440 	9726568 
18953144 	9901752 
18848728 	10378256 
19103704 	11925512 
18953488 	10179584 
18924168 	10627544 
22103368 	17587792 
19077832 	17183984 
19066904 	10418272 
18962744 	9753560 
27959152 	11540344 
21698336 	10382328 
19167960 	12826576 
18997680 	11363864 
19445920 	10692888 
18934616 	9930512 
19308168 	10007520 
27143800 	13212728 
18899840 	10504688 
19387672 	10590064 
18955856 	21212528 
19010160 	9673984 
19304624 	14923592 
20576840 	17410736 
28842224 	11283016 
19103648 	18708328 
18961088 	11367896 
29672840 	11909648 
18959040 	15502656 
23464264 	9872504 
18887200 	10566024 
19009120 	10459328 
18945312 	9668368 
23983312 	9751648 
19069176 	9871416 
18949280 	13513752 
19002896 	9981592 
19039640 	14102184 
19208760 	9722408 
27094000 	10469208 
18840456 	9979336 
19051480 	10149144 
22922936 	10484840 
18866192 	9934624 
20557224 	11979768 
19019592 	9918432 
21458096 	10022464 
19038464 	9727056 
18887928 	20174648 
19334368 	9953752 
19288192 	10082520 
19024496 	9946480 
18947912 	10159088 
18851336 	10061128 
21787592 	9752808 
27911424 	13247648 
31556424 	10221888 
19025664 	9982976 
19180744 	10923904 
25397112 	19051328 
18906000 	10524608 
18898080 	12095056 
21769872 	14478736 
23688344 	16301648 
19288200 	10206360 
18850080 	10068296 
18786728 	12622304 
18938328 	16808280 
25543592 	10738640 
18897904 	11168392 
19455656 	10480536 
18965472 	9826448 
19110680 	10242680 
22622456 	9723512 
19351928 	9789216 
21398416 	10030848 
19623648 	9879160 
19331568 	9733976 
20324312 	11530128 
20332184 	9753568 
19524944 	10160472 
21397336 	10658080 
19177408 	22471968 
26974112 	9834592 
19093088 	10662080 
25468504 	9787192 
19228464 	9794232 
22621976 	9787008 
20944296 	10957744 
21690568 	11497968 
21037256 	10434768 
19674992 	10224848 
19010168 	10369064 
19270976 	9941648 
27415680 	12855968 
19843392 	9686696 
25232096 	9997616 
18991488 	10159336 
19158696 	9997000 
19453776 	12205528 
26003888 	22715680 
19776400 	10066320 
34614976 	10259056 
19390264 	10370752 
21709032 	9657368 
19574696 	10025720 
19236168 	10048800 
19009984 	10133128 
19336632 	9839392 
23228072 	14557576 
23503440 	9682808 
21189632 	15141008 
19761336 	13011240 
19090712 	11286024 
19985584 	12706720 
19358472 	11205088 
20310432 	10639736 
19533200 	9788480 
19285056 	10108560 
19734544 	9598152 
19630424 	10307512 
19166488 	10064280 
19034768 	9938176 
22687736 	9893176 
19239304 	11237856 
18901288 	9983224 
19729160 	10342944 
19276136 	13700144 
19356336 	10290952 
26309256 	11895096 
19423616 	9756176 
19153544 	10249824 
19459936 	14293184 
19508712 	10652664 
19147776 	12582208 
19021368 	9953952 
19335712 	9738688 
21825704 	16730736 
18946696 	11364576 
19199944 	9946224 
19738752 	10244816 
19247336 	10461240 
26623128 	9882568 
28933200 	13024328 
25418944 	9958432 
30332888 	9714016 
19938544 	11733128 
22718656 	9769296 
23221768 	13891464 
19893848 	10022464 
19232904 	10039488 
19217792 	10057224 
19429360 	10724936 
27517264 	9679296 
19420464 	19781008 
21617856 	10224288 
19498256 	10250640 
19290232 	9585456 
20398520 	9592928 
20638312 	11441104 
23529600 	9831360 
19340712 	9948616 
18875960 	14479600 
19027616 	10163128 
25755776 	10321328 
19459864 	11138720 
20580272 	10255488 
20430264 	10082760 
25091080 	9911568 
19720240 	9957232 
19316928 	9883808 
25062624 	14375520 
19784896 	9962088 
18891032 	9939824 
24911808 	12006696 
18964600 	10269080 
21884384 	10139344 
20161248 	9798048 
19858440 	10156776 
35368928 	10519088 
19296392 	9950824 
19839368 	10159120 
19102408 	12857576 
19485008 	9971272 
20415048 	10417696 
21406080 	10765840 
23534664 	9951720 
19450952 	10186064 
21812688 	10389704 
19336728 	15246344 
18827560 	10666640 
19247736 	10316552 
21128464 	10327368 
19136464 	11334456 
19095616 	9624832 
22823752 	9937056 
22026712 	9869296 
19404744 	10222168 
19480232 	10025712 
19546336 	11020624 
20616520 	10161296 
19370544 	9690056 
24362728 	10697552 
20560376 	10036520 
19672768 	12749208 
19328584 	25367048 
19361432 	11600216 
21024688 	13532848 
19292768 	9693640 
22643536 	11913520 
23599944 	10106120 
26281720 	11329040 
20430616 	10527368 
19674896 	9928744 
21983816 	10029320 
21402248 	10665176 
19372328 	10343496 
20842624 	17316832 
21742720 	10221480 
25308032 	10280632 
19685576 	19551040 
23859856 	10931952 
19100328 	10395392 
19743352 	9892744 
19024832 	9622648 
19205696 	10592048 
19968216 	13265784 
19352248 	9638192 
19926480 	9813864 
19746816 	9620504 
19065432 	11344792 
21658816 	9919600 
23502952 	11832144 
19716928 	20023024 
18881632 	14819304 
19390464 	9783032 
18999616 	9905496 
21074176 	9829568 
26036040 	10270240 
21245888 	9902112 
24750384 	9861592 
26974632 	9734704 
19148056 	9811432 
23456744 	15931584 
29897648 	9889928 
19904536 	10155568 
29483608 	10052216 
25744352 	11898800 
18913712 	10078904 
22692744 	10224232 
20699712 	11863320 
19183064 	9644744 
20444656 	10466392 
24280944 	10104776 
18950432 	10070600 
19336552 	9967216 
19322744 	9721920 
20443728 	17220704 
22307112 	9872808 
19184400 	17745304 
20892568 	16016520 
20833648 	11419048 
19479000 	24577976 
19687552 	15175536 
19760128 	14595568 
19375264 	10168232 
19211408 	10715536 
19747992 	22457456 
20903072 	9777792 
19151720 	9755184 
20182792 	15809152 
19673440 	15415504 
24252888 	9569888 
19410672 	10146216 
22016992 	10620248 
20060936 	9829624 
19237056 	9698256 
19728424 	9911784 
19160232 	9838824 
19145584 	22787016 
23920360 	11820576 
19354904 	9999136 
26923264 	21696784 
19230824 	17847488 
19380056 	9856920 
19092992 	9799040 
24017640 	16678384 
18974096 	11284104 
19778720 	10075480 
19195800 	9689184 
20645360 	19231072 
20075520 	12919472 
18966872 	9944832 
22987520 	10174448 
19348296 	9883624 
19234104 	9991160 
19498896 	9979864 
19037184 	10524064 
19503568 	12192592 
21559936 	9800712 
18989720 	10933992 
19383768 	9614112 
19200352 	11968360 
19159360 	9708848 
19669184 	9768056 
18865952 	9692696 
19248296 	10023016 
23243504 	9668928 
19204880 	9954848 
19027064 	9719320 
22411408 	10025736 
21060256 	14351232 
19241184 	9714360 
19074504 	9876456 
19022376 	22116736 
20372072 	9910744 
21268840 	9879064 
19268056 	9862584 
19907776 	10127512 
19220344 	9643760 
21843896 	9802336 
19632064 	9855464 
19337376 	10671296 
27585856 	14169952 
19454472 	9639464 
19593856 	9652024 
19169400 	10071856 
19287648 	9742576 
19007600 	10471296 
19194968 	9911456 
20543832 	10385024 
18960672 	9822024 
21908000 	9752608 
21253904 	9882928 
22550864 	9782296 
18991760 	9614240 
21823824 	9868488 
19002160 	9698360 
22659016 	9628064 
19042880 	9712152 
19467320 	9615856 
19482392 	9772592 
19219952 	9766312 
18948752 	9671208 
21076472 	9634096 
20443832 	10277304 
18989104 	10074824 
19383296 	10954544 
19066384 	10296448 
20619096 	10294760 
21306632 	12133832 
19945080 	11851360 
19349656 	11217640 
19253968 	9972792 
18953496 	9693176 
21332568 	11323672 
19096488 	12989808 
19942080 	10074488 
19693192 	12313984 
19048672 	9928328 
19355072 	10140184 
19112528 	15174392 
19145320 	12179984 
21125432 	10239096 
19883784 	9967744 
19060864 	10526256 
19786760 	10042048 
31462192 	11542448 
18986872 	10012744 
28285696 	9868792 
19172632 	10623840 
28903168 	10229816 
28653352 	18394312 
28357376 	10083216 
19440176 	9835608 
19482320 	9866016 
19857040 	10122848 
19452648 	13408928 
20041320 	10001848 
20903256 	11344584 
19478048 	11741288 
23969904 	9642192 
25431008 	13150504 
20982704 	10265208 
20270704 	10354216 
19098264 	10273984 
30844344 	9854320 
19392136 	9998064 
20159360 	9669976 
18983992 	19789456 
24928824 	17334960 
19456448 	10194648 
19249600 	11726744 
19392608 	9970352 
20072744 	11519992 
19090992 	9892264 
24228720 	10087664 
21167808 	9881648 
19325904 	9813032 
31164048 	9872976 
19024560 	9758064 
19200536 	17355304 
19648912 	9866896 
24939600 	9927056 
19494424 	9624280 
19116472 	12704480 
19189152 	9918472 
21283536 	13681024 
33532232 	9833384 
22655984 	9926936 
