20159824,21270000,21360896,21669536,21152312,21301824,21603232,,,Asm,Asm + 4Memo,Asm + 8 Memo,Asm + 16 Memo,Asm + 4 Arit,Asm + 8 Arit,Asm + 16 Arit
21018432,21276944,21370128,21682536,21158752,21330832,21628464,,,21309951.2678869,21508471.0016639,21624644.3261231,21939710.202995,21415295.733777,21596068.5790349,21900080.9983361
21062432,21283872,21378136,21689320,21162920,21335048,21637288,,,,,,,,,
21069128,21283928,21381664,21694056,21180128,21352088,21647184,,,,,,,,,
21069544,21290576,21390040,21694200,21186768,21353920,21660160,,,,,,,,,
21070040,21291440,21395768,21694216,21188952,21355728,21663648,,,,,,,,,
21073672,21292696,21396040,21694512,21193336,21358960,21664944,,,,,,,,,
21075288,21294368,21398424,21699064,21194008,21361552,21667000,,,,,,,,,
21094824,21295256,21403464,21705768,21200184,21363160,21667096,,,,,,,,,
21096576,21295568,21407968,21706104,21208208,21364744,21667648,,,,,,,,,
21099816,21297280,21409216,21706920,21209928,21367760,21668832,,,,,,,,,
21101672,21297896,21412752,21713448,21210672,21375336,21671856,,,,,,,,,
21104520,21298664,21413296,21714824,21212656,21376888,21672704,,,,,,,,,
21108032,21303992,21414104,21716472,21214840,21378064,21676608,,,,,,,,,
21108248,21308440,21417144,21716880,21215840,21379064,21677112,,,,,,,,,
21108920,21309320,21417600,21718424,21217144,21380352,21677184,,,,,,,,,
21109304,21309632,21418944,21723728,21219080,21384624,21679080,,,,,,,,,
21110776,21309832,21419080,21725792,21219344,21385392,21681376,,,,,,,,,
21114592,21310600,21421024,21727512,21221744,21385744,21687512,,,,,,,,,
21115024,21310920,21421784,21728216,21221816,21388648,21687560,,,,,,,,,
21115072,21311136,21422648,21729016,21223136,21388712,21690128,,,,,,,,,
21116976,21311680,21423328,21730584,21224072,21388760,21691616,,,,,,,,,
21119360,21312328,21424224,21732696,21227080,21389472,21693272,,,,,,,,,
21119944,21314224,21424912,21736696,21229104,21390848,21695296,,,,,,,,,
21120560,21315808,21425248,21740704,21229392,21390856,21695992,,,,,,,,,
21121936,21319192,21425512,21742016,21229448,21391216,21697640,,,,,,,,,
21121984,21319272,21426792,21742032,21230144,21392400,21697912,,,,,,,,,
21122432,21319736,21426896,21742144,21230896,21395792,21699520,,,,,,,,,
21123744,21321888,21427160,21742488,21231880,21396176,21700536,,,,,,,,,
21124608,21321984,21428432,21742776,21231904,21396280,21703840,,,,,,,,,
21125096,21322096,21429728,21742800,21232280,21396416,21704008,,,,,,,,,
21125392,21322480,21429976,21743648,21232656,21396592,21704400,,,,,,,,,
21125480,21322608,21430392,21744144,21232688,21396856,21705200,,,,,,,,,
21126512,21324192,21432192,21745816,21233784,21397136,21705608,,,,,,,,,
21126512,21325704,21433776,21746200,21235608,21398176,21705888,,,,,,,,,
21127760,21326296,21434216,21746792,21236392,21401784,21706528,,,,,,,,,
21128536,21326528,21434688,21746848,21236776,21401920,21706848,,,,,,,,,
21129320,21326600,21435096,21746848,21236984,21404448,21706888,,,,,,,,,
21129544,21326976,21436464,21747808,21238832,21405104,21707096,,,,,,,,,
21129928,21327088,21437944,21748400,21239024,21405408,21709200,,,,,,,,,
21129960,21327408,21438192,21748760,21239968,21405688,21711168,,,,,,,,,
21130032,21329384,21438864,21748832,21240888,21407496,21711200,,,,,,,,,
21130128,21329568,21438888,21749664,21243216,21410216,21712296,,,,,,,,,
21130720,21329696,21439376,21749672,21245000,21411144,21712392,,,,,,,,,
21130984,21330208,21439928,21749824,21245168,21412064,21712608,,,,,,,,,
21131816,21332568,21440824,21749904,21245728,21412168,21713968,,,,,,,,,
21131840,21332744,21440976,21750064,21248232,21412984,21714824,,,,,,,,,
21133088,21333352,21442488,21750376,21248768,21413648,21714888,,,,,,,,,
21133544,21333552,21442760,21750520,21249112,21414720,21715544,,,,,,,,,
21134408,21334000,21443568,21750592,21249128,21414856,21715952,,,,,,,,,
21135488,21334104,21444456,21750728,21249504,21414904,21716360,,,,,,,,,
21135728,21334136,21444520,21750864,21249608,21415400,21716680,,,,,,,,,
21137880,21335400,21446368,21750872,21250296,21416064,21717824,,,,,,,,,
21138312,21335832,21446416,21752536,21251968,21416296,21719240,,,,,,,,,
21139312,21337184,21446432,21753984,21251976,21416592,21719304,,,,,,,,,
21139536,21337280,21446856,21754448,21253784,21416776,21720624,,,,,,,,,
21139752,21338136,21447008,21754480,21254744,21416792,21720688,,,,,,,,,
21140056,21338360,21447264,21754704,21255496,21417920,21720936,,,,,,,,,
21140320,21338792,21447880,21755504,21255704,21418384,21721136,,,,,,,,,
21140568,21339032,21448184,21755568,21256488,21419008,21722096,,,,,,,,,
21141392,21339296,21448592,21755896,21256728,21419304,21722360,,,,,,,,,
21143176,21339624,21450168,21756312,21257112,21419416,21722800,,,,,,,,,
21143904,21340480,21450296,21757456,21257720,21420472,21722992,,,,,,,,,
21144392,21341256,21450384,21757728,21257872,21420664,21723336,,,,,,,,,
21145968,21341664,21450512,21759096,21258680,21422904,21723400,,,,,,,,,
21146000,21341752,21450768,21759672,21259400,21423040,21723968,,,,,,,,,
21146896,21341856,21451296,21759864,21259456,21423288,21724080,,,,,,,,,
21147040,21342248,21451336,21760248,21259512,21423960,21724200,,,,,,,,,
21147536,21342496,21451488,21760432,21259576,21424848,21724720,,,,,,,,,
21147912,21342896,21451864,21762616,21260256,21425224,21725264,,,,,,,,,
21148624,21343656,21452064,21762656,21260640,21426088,21727488,,,,,,,,,
21149376,21343680,21453968,21762744,21261528,21426760,21728600,,,,,,,,,
21149672,21343928,21454856,21763224,21262144,21426832,21730128,,,,,,,,,
21150272,21343976,21455616,21763768,21262416,21427528,21732832,,,,,,,,,
21151328,21344120,21456232,21763792,21262472,21427808,21733056,,,,,,,,,
21152048,21344960,21456400,21763888,21262512,21427880,21733120,,,,,,,,,
21152632,21345064,21456424,21766200,21262592,21428136,21733208,,,,,,,,,
21153184,21348816,21456928,21766424,21263200,21428336,21733472,,,,,,,,,
21153520,21348832,21458096,21766912,21263304,21428592,21734056,,,,,,,,,
21153608,21349768,21459208,21767040,21263312,21429480,21734360,,,,,,,,,
21153800,21350176,21460208,21767504,21263800,21430208,21734456,,,,,,,,,
21154136,21351192,21460496,21768248,21263864,21430232,21734488,,,,,,,,,
21154208,21351368,21463072,21768856,21264624,21430960,21734752,,,,,,,,,
21154960,21351632,21463344,21769032,21265440,21431256,21735264,,,,,,,,,
21155032,21352472,21463464,21769648,21266120,21432744,21735440,,,,,,,,,
21156360,21352488,21463624,21771016,21266256,21432936,21736192,,,,,,,,,
21156976,21352792,21463816,21771120,21266360,21433016,21736240,,,,,,,,,
21157232,21353240,21464384,21771800,21267424,21433616,21736568,,,,,,,,,
21157912,21353288,21464456,21772056,21267552,21434400,21736672,,,,,,,,,
21159536,21353496,21465056,21772288,21267960,21436256,21737536,,,,,,,,,
21160624,21353656,21465064,21773568,21268248,21436624,21737936,,,,,,,,,
21161816,21353776,21465904,21773888,21268448,21436832,21739288,,,,,,,,,
21162224,21354184,21466336,21773952,21268488,21437120,21739648,,,,,,,,,
21162288,21354288,21466432,21774288,21268792,21437880,21739688,,,,,,,,,
21162288,21355080,21466656,21774416,21270128,21438344,21739928,,,,,,,,,
21162608,21355240,21466688,21774784,21270760,21438408,21740248,,,,,,,,,
21162624,21355960,21466928,21774888,21270792,21438440,21740448,,,,,,,,,
21162824,21356312,21467376,21775064,21271264,21438592,21741152,,,,,,,,,
21164240,21356952,21467480,21775088,21271360,21439144,21741352,,,,,,,,,
21164424,21357024,21467992,21775888,21271504,21439672,21741424,,,,,,,,,
21164448,21358584,21468016,21776384,21271896,21440112,21741520,,,,,,,,,
21164664,21358744,21468168,21776880,21272664,21440192,21742264,,,,,,,,,
21164688,21359040,21468224,21777088,21272872,21440456,21742704,,,,,,,,,
21165648,21359976,21468304,21777384,21273136,21440504,21743040,,,,,,,,,
21165800,21360000,21468336,21777488,21273312,21440688,21744800,,,,,,,,,
21166232,21360304,21468672,21777800,21273696,21441160,21745000,,,,,,,,,
21166760,21360464,21468968,21777880,21274264,21441248,21745016,,,,,,,,,
21166808,21360904,21469152,21778208,21274312,21442040,21745424,,,,,,,,,
21166960,21361288,21469288,21778232,21275752,21442064,21745784,,,,,,,,,
21167720,21361352,21469936,21778256,21276008,21442696,21745864,,,,,,,,,
21167760,21361808,21469936,21778512,21276336,21443000,21746512,,,,,,,,,
21168208,21362080,21470072,21778592,21276360,21443128,21746952,,,,,,,,,
21168256,21362336,21470376,21778640,21276528,21443128,21747168,,,,,,,,,
21168648,21363152,21470952,21779048,21279864,21445096,21747888,,,,,,,,,
21168688,21363208,21471016,21779280,21280312,21445768,21749480,,,,,,,,,
21168696,21363808,21471528,21779768,21280552,21445856,21750056,,,,,,,,,
21168872,21364680,21471568,21779952,21280560,21446888,21750272,,,,,,,,,
21169168,21365720,21472512,21780488,21280704,21447864,21750280,,,,,,,,,
21170760,21365744,21472848,21781848,21280936,21448272,21750328,,,,,,,,,
21171384,21366256,21473072,21781976,21281048,21448336,21751448,,,,,,,,,
21171760,21366296,21473272,21782192,21281232,21448544,21751768,,,,,,,,,
21172152,21366720,21473464,21783128,21281312,21450208,21752168,,,,,,,,,
21172304,21366864,21473720,21783752,21281536,21450272,21752656,,,,,,,,,
21172352,21367144,21473960,21784264,21281888,21450624,21752720,,,,,,,,,
21172920,21367312,21475384,21784456,21281904,21450664,21752744,,,,,,,,,
21173312,21367456,21475792,21784616,21282016,21451248,21752928,,,,,,,,,
21173664,21367696,21476088,21784896,21282096,21451296,21753616,,,,,,,,,
21173736,21367864,21476192,21785088,21282456,21451576,21753640,,,,,,,,,
21174568,21367936,21476512,21785168,21282944,21451608,21753904,,,,,,,,,
21175264,21368280,21476576,21785280,21283008,21451792,21754048,,,,,,,,,
21175736,21368664,21477312,21785544,21283080,21452392,21754968,,,,,,,,,
21175752,21368760,21477384,21786464,21283424,21452440,21756088,,,,,,,,,
21176480,21368808,21478120,21786840,21283896,21452632,21756224,,,,,,,,,
21176576,21368824,21478368,21786976,21284312,21452856,21756304,,,,,,,,,
21176880,21368952,21478408,21787320,21285192,21453064,21756712,,,,,,,,,
21178176,21369016,21478632,21787352,21285488,21453488,21757176,,,,,,,,,
21178816,21369456,21479032,21788096,21286264,21453680,21757904,,,,,,,,,
21178912,21369648,21479608,21788160,21286296,21453872,21758096,,,,,,,,,
21179400,21369848,21479712,21788384,21286824,21454424,21758104,,,,,,,,,
21179896,21369960,21479752,21788848,21286856,21454456,21758264,,,,,,,,,
21180192,21370784,21479864,21789152,21287056,21455240,21758720,,,,,,,,,
21180528,21371712,21479968,21789416,21287296,21455608,21759960,,,,,,,,,
21180768,21371712,21480256,21789600,21288288,21455744,21760312,,,,,,,,,
21181144,21372272,21480336,21789968,21290072,21456776,21760568,,,,,,,,,
21181800,21372424,21480848,21790160,21291128,21457832,21760608,,,,,,,,,
21182272,21372520,21481736,21790616,21291232,21458168,21760912,,,,,,,,,
21182888,21372672,21481760,21790768,21291280,21458696,21761440,,,,,,,,,
21182992,21372784,21481768,21790776,21291440,21458776,21761712,,,,,,,,,
21183104,21373128,21482312,21791136,21291552,21459128,21761864,,,,,,,,,
21183480,21373400,21482352,21791720,21291704,21459208,21761936,,,,,,,,,
21184752,21373680,21482704,21791944,21292288,21459208,21761976,,,,,,,,,
21184760,21373792,21483008,21792432,21293040,21459216,21762040,,,,,,,,,
21185040,21374160,21483152,21792704,21293264,21459256,21762240,,,,,,,,,
21185208,21374880,21483320,21792968,21293272,21460560,21763112,,,,,,,,,
21185272,21375032,21483576,21793304,21293688,21460984,21763240,,,,,,,,,
21185856,21375192,21483632,21793872,21293696,21462368,21763552,,,,,,,,,
21186168,21375712,21483680,21794136,21294216,21462424,21763672,,,,,,,,,
21186272,21375888,21483816,21794200,21294616,21463384,21763936,,,,,,,,,
21186712,21376088,21483888,21794296,21294680,21463456,21764176,,,,,,,,,
21186736,21376264,21484104,21794504,21294896,21463808,21764360,,,,,,,,,
21186888,21376296,21484448,21795088,21295056,21464184,21764952,,,,,,,,,
21186936,21376384,21484488,21795392,21295088,21465032,21765112,,,,,,,,,
21187080,21377496,21484816,21795808,21295312,21465264,21765216,,,,,,,,,
21187184,21377968,21485328,21795872,21295552,21465840,21765248,,,,,,,,,
21187232,21378000,21485688,21796160,21295592,21466160,21765496,,,,,,,,,
21187288,21378304,21485944,21796248,21295648,21466936,21766696,,,,,,,,,
21187520,21379552,21486304,21798128,21296112,21466944,21766984,,,,,,,,,
21187712,21379856,21487616,21799344,21296392,21467032,21767176,,,,,,,,,
21187952,21380040,21488328,21799600,21296448,21467768,21767424,,,,,,,,,
21188328,21380120,21488656,21799856,21297368,21468120,21767952,,,,,,,,,
21188800,21380328,21489080,21800168,21297896,21468312,21768096,,,,,,,,,
21189088,21380528,21489544,21800256,21298096,21468400,21768224,,,,,,,,,
21189496,21380768,21489696,21800272,21298592,21468760,21768560,,,,,,,,,
21189680,21380776,21490200,21800912,21299872,21469536,21768616,,,,,,,,,
21189720,21381640,21490480,21801144,21299888,21469752,21769136,,,,,,,,,
21189864,21382160,21490480,21801400,21299896,21469920,21769344,,,,,,,,,
21190120,21382392,21492280,21801440,21299928,21469952,21769912,,,,,,,,,
21190208,21382656,21492448,21801624,21300056,21470248,21770984,,,,,,,,,
21190792,21383152,21492456,21801880,21300144,21470424,21771160,,,,,,,,,
21191096,21383160,21492720,21802224,21300384,21470544,21771784,,,,,,,,,
21191408,21383736,21493056,21802656,21300400,21470896,21772552,,,,,,,,,
21191632,21384384,21493416,21803128,21300680,21470904,21772880,,,,,,,,,
21191928,21384704,21493616,21803360,21300712,21471712,21773472,,,,,,,,,
21192136,21385128,21493632,21803888,21300728,21472424,21773616,,,,,,,,,
21192824,21385128,21494136,21804448,21300920,21473560,21773760,,,,,,,,,
21193120,21385312,21494408,21805088,21300960,21473960,21774288,,,,,,,,,
21193248,21385720,21494712,21805128,21301144,21474056,21774784,,,,,,,,,
21193480,21385984,21494736,21806096,21301472,21474136,21775520,,,,,,,,,
21193552,21386472,21494976,21806512,21301856,21474344,21775560,,,,,,,,,
21193808,21386504,21494976,21807456,21302160,21474792,21775600,,,,,,,,,
21193904,21386824,21495200,21807464,21302328,21474904,21775832,,,,,,,,,
21193952,21386864,21495408,21807808,21302512,21475072,21776032,,,,,,,,,
21194112,21387248,21495440,21808632,21302576,21475848,21776520,,,,,,,,,
21194824,21387488,21495520,21808840,21303072,21476128,21776616,,,,,,,,,
21195056,21387840,21495808,21809816,21303552,21476472,21777248,,,,,,,,,
21195448,21387864,21495880,21809944,21303632,21476632,21777288,,,,,,,,,
21195752,21388056,21495976,21810160,21303680,21476680,21777656,,,,,,,,,
21196296,21388128,21496136,21810216,21304256,21476944,21777824,,,,,,,,,
21196424,21388672,21496440,21810272,21304552,21477008,21777840,,,,,,,,,
21196832,21388680,21496696,21810648,21304632,21477360,21777840,,,,,,,,,
21196968,21389096,21497072,21810744,21305168,21477568,21777856,,,,,,,,,
21197608,21389184,21497192,21811136,21305592,21477816,21777944,,,,,,,,,
21197872,21389688,21497208,21811832,21305840,21478152,21778208,,,,,,,,,
21198168,21390784,21497632,21812464,21305944,21478672,21778808,,,,,,,,,
21198352,21390904,21498072,21812544,21305968,21478688,21779208,,,,,,,,,
21199232,21391376,21498560,21813344,21306064,21478792,21779632,,,,,,,,,
21199592,21391840,21498568,21814888,21306640,21478936,21779704,,,,,,,,,
21200496,21391896,21499776,21814984,21306648,21479776,21779848,,,,,,,,,
21201360,21392584,21500544,21815584,21307560,21479784,21779912,,,,,,,,,
21201696,21392904,21500640,21815824,21307712,21480296,21780240,,,,,,,,,
21202024,21394720,21501168,21816496,21308480,21481096,21780328,,,,,,,,,
21202336,21394784,21501664,21816880,21309128,21481248,21780368,,,,,,,,,
21202352,21395080,21501680,21816992,21309192,21482368,21780536,,,,,,,,,
21202512,21395104,21501872,21818120,21309400,21483256,21780664,,,,,,,,,
21202576,21395544,21502376,21819544,21309896,21483696,21781256,,,,,,,,,
21202656,21395664,21503320,21819608,21310712,21483928,21781632,,,,,,,,,
21202952,21395808,21503712,21820312,21311024,21484240,21782232,,,,,,,,,
21203472,21395856,21503800,21820328,21311136,21484632,21784112,,,,,,,,,
21203504,21395880,21504016,21820560,21311320,21484776,21784680,,,,,,,,,
21204280,21396056,21505408,21820792,21311432,21484944,21784968,,,,,,,,,
21204584,21396144,21505520,21820792,21311800,21485240,21785040,,,,,,,,,
21204840,21396168,21505688,21821016,21311944,21485616,21786120,,,,,,,,,
21205544,21396312,21506304,21821080,21312648,21486168,21786224,,,,,,,,,
21205648,21396480,21507168,21821080,21312752,21486240,21787608,,,,,,,,,
21206560,21396976,21507224,21821496,21312792,21486296,21788504,,,,,,,,,
21207016,21397016,21507576,21821584,21313016,21486592,21789016,,,,,,,,,
21207272,21397144,21507712,21821624,21313992,21486600,21789424,,,,,,,,,
21207336,21397288,21508520,21821872,21314208,21487184,21789872,,,,,,,,,
21207480,21397528,21508560,21822192,21314464,21487464,21790000,,,,,,,,,
21207624,21397552,21508848,21822232,21314544,21487584,21790072,,,,,,,,,
21208944,21397784,21509184,21823640,21314888,21487744,21790272,,,,,,,,,
21210072,21398264,21509464,21824200,21314936,21487776,21791928,,,,,,,,,
21210552,21398440,21509520,21824256,21315024,21487856,21791968,,,,,,,,,
21210584,21398472,21509560,21824304,21315248,21487912,21792368,,,,,,,,,
21210696,21398720,21510192,21824528,21315976,21488056,21792520,,,,,,,,,
21211344,21398912,21510576,21824664,21316064,21488672,21792760,,,,,,,,,
21211432,21398936,21510664,21824968,21316304,21488768,21792800,,,,,,,,,
21211696,21398944,21511112,21825296,21316376,21488856,21793296,,,,,,,,,
21211704,21398984,21511152,21825336,21316904,21489024,21793768,,,,,,,,,
21211840,21400032,21511720,21825400,21317752,21489680,21793880,,,,,,,,,
21211864,21400888,21511928,21825568,21317768,21490008,21793896,,,,,,,,,
21212064,21401096,21512000,21826336,21317776,21490216,21794368,,,,,,,,,
21212176,21401400,21512704,21826680,21318320,21490440,21795096,,,,,,,,,
21214504,21401672,21512952,21827248,21318960,21490960,21795288,,,,,,,,,
21214768,21402360,21513344,21828216,21319144,21491112,21795376,,,,,,,,,
21214840,21402456,21513976,21828728,21319512,21491136,21795528,,,,,,,,,
21216256,21403048,21514080,21829232,21319592,21492880,21796832,,,,,,,,,
21216264,21403208,21514112,21830536,21319824,21493048,21797424,,,,,,,,,
21216328,21403320,21514304,21830592,21320008,21493120,21797712,,,,,,,,,
21216656,21403656,21514304,21830608,21320320,21493480,21797776,,,,,,,,,
21217008,21403720,21514800,21831344,21320424,21493488,21798160,,,,,,,,,
21217016,21404584,21515368,21831672,21320520,21493888,21798376,,,,,,,,,
21218768,21404600,21515504,21832088,21320696,21494280,21798464,,,,,,,,,
21219352,21404800,21515808,21833328,21320912,21494464,21799168,,,,,,,,,
21219976,21405632,21515904,21833456,21321064,21494752,21799328,,,,,,,,,
21220472,21405872,21516024,21833736,21321368,21494792,21799384,,,,,,,,,
21220560,21406056,21516232,21833752,21321456,21494880,21800032,,,,,,,,,
21221024,21406560,21516448,21834552,21321512,21494936,21800216,,,,,,,,,
21221160,21406720,21516520,21834720,21321608,21495112,21800536,,,,,,,,,
21221432,21406800,21517264,21834808,21321640,21495344,21800648,,,,,,,,,
21221512,21406872,21519120,21836112,21321880,21495976,21800768,,,,,,,,,
21221536,21406992,21519600,21837360,21321976,21496232,21801216,,,,,,,,,
21221688,21407096,21519808,21837456,21322224,21496400,21801248,,,,,,,,,
21222920,21407272,21520048,21837984,21322288,21496408,21801616,,,,,,,,,
21223352,21408448,21520184,21838056,21322464,21496528,21801648,,,,,,,,,
21223832,21408448,21520312,21838464,21322520,21496600,21802280,,,,,,,,,
21223920,21408744,21520376,21839240,21323032,21496760,21802304,,,,,,,,,
21224496,21408768,21521976,21839264,21323400,21497264,21802768,,,,,,,,,
21224576,21409264,21522240,21839760,21323440,21497456,21802856,,,,,,,,,
21224776,21409368,21522424,21839800,21324008,21497624,21802984,,,,,,,,,
21224800,21409592,21522704,21839880,21324024,21497704,21803416,,,,,,,,,
21225992,21409688,21523608,21840360,21324832,21498912,21803544,,,,,,,,,
21226072,21409704,21523640,21841488,21324992,21499536,21804048,,,,,,,,,
21226464,21409880,21523752,21842464,21325480,21499888,21804296,,,,,,,,,
21226480,21410280,21523976,21843632,21325656,21500056,21804808,,,,,,,,,
21226608,21410288,21524144,21843880,21325832,21500312,21805488,,,,,,,,,
21226792,21410320,21524632,21843912,21325832,21500840,21805552,,,,,,,,,
21227216,21410552,21524640,21843976,21326336,21501120,21806144,,,,,,,,,
21227288,21410584,21524656,21844168,21326888,21501440,21806240,,,,,,,,,
21228320,21411368,21525056,21844240,21327032,21502376,21806640,,,,,,,,,
21228920,21411520,21525208,21844256,21327096,21502624,21806704,,,,,,,,,
21228936,21411824,21525392,21844288,21327352,21502792,21807320,,,,,,,,,
21229536,21412904,21526240,21844392,21327464,21502984,21807384,,,,,,,,,
21229760,21412976,21526312,21844504,21327584,21503816,21808024,,,,,,,,,
21229856,21413376,21526568,21844768,21327616,21504160,21808200,,,,,,,,,
21229976,21413696,21527000,21844984,21329936,21504888,21810520,,,,,,,,,
21230280,21413728,21527056,21845296,21329976,21505784,21811024,,,,,,,,,
21230448,21413792,21528352,21845408,21330048,21505864,21811024,,,,,,,,,
21230656,21414096,21528512,21845528,21330344,21506312,21811144,,,,,,,,,
21230832,21414200,21529128,21846056,21330848,21506784,21811424,,,,,,,,,
21230872,21414216,21529312,21846120,21330912,21507712,21812848,,,,,,,,,
21230888,21415240,21530248,21846168,21330984,21508000,21813448,,,,,,,,,
21231016,21416976,21531032,21846544,21331176,21508304,21813672,,,,,,,,,
21231136,21417608,21531328,21847552,21331288,21508384,21813864,,,,,,,,,
21231144,21417896,21531432,21848448,21331592,21508624,21813888,,,,,,,,,
21231472,21417912,21531656,21849104,21331656,21509000,21814064,,,,,,,,,
21231584,21418456,21531992,21849344,21331888,21509800,21814576,,,,,,,,,
21231624,21418752,21532408,21849360,21331896,21509872,21814848,,,,,,,,,
21231688,21419392,21532512,21849944,21333240,21510536,21815016,,,,,,,,,
21232080,21419488,21532696,21850176,21333912,21511512,21815208,,,,,,,,,
21232224,21419544,21532904,21850520,21334336,21511560,21815232,,,,,,,,,
21233032,21420504,21532928,21850792,21334400,21512064,21815928,,,,,,,,,
21233232,21420640,21533016,21851040,21334712,21512640,21816504,,,,,,,,,
21233944,21421416,21533224,21851232,21335624,21513152,21816592,,,,,,,,,
21234104,21421472,21533272,21851624,21336328,21513344,21817096,,,,,,,,,
21234232,21421576,21533856,21851776,21336344,21513544,21817368,,,,,,,,,
21234584,21421720,21534560,21851808,21336528,21513640,21817632,,,,,,,,,
21234704,21421792,21535184,21851928,21337400,21513848,21817704,,,,,,,,,
21234752,21421824,21535352,21852168,21337488,21514152,21817824,,,,,,,,,
21235184,21421888,21535864,21852768,21337872,21514240,21817824,,,,,,,,,
21235192,21422264,21535944,21852872,21337928,21514272,21818880,,,,,,,,,
21235536,21423064,21536312,21852928,21338344,21514720,21818992,,,,,,,,,
21235544,21423104,21536368,21854920,21338728,21514728,21819024,,,,,,,,,
21236912,21423160,21536408,21855760,21339312,21514936,21819024,,,,,,,,,
21237072,21423448,21537360,21856384,21339656,21515960,21819336,,,,,,,,,
21237144,21423616,21537448,21856704,21340072,21517040,21820240,,,,,,,,,
21237304,21423904,21537448,21856712,21340088,21517056,21821544,,,,,,,,,
21237376,21424000,21538264,21857792,21341560,21517416,21821968,,,,,,,,,
21237592,21424072,21538744,21858264,21341648,21517608,21822312,,,,,,,,,
21238576,21424368,21538864,21859320,21342208,21517728,21823320,,,,,,,,,
21238808,21424488,21538960,21860064,21342672,21517800,21823608,,,,,,,,,
21238872,21424680,21539240,21860192,21343776,21517824,21824176,,,,,,,,,
21239760,21426000,21539304,21860608,21343856,21518512,21824576,,,,,,,,,
21239936,21426376,21540288,21860736,21343936,21518512,21824824,,,,,,,,,
21240576,21426400,21540344,21861016,21344128,21518704,21825280,,,,,,,,,
21240648,21426624,21541208,21861096,21345688,21518832,21825280,,,,,,,,,
21240712,21427672,21541568,21861120,21345808,21518880,21825664,,,,,,,,,
21240792,21427808,21543688,21861400,21346520,21518960,21825944,,,,,,,,,
21240888,21428040,21543712,21861408,21346872,21518992,21826272,,,,,,,,,
21241248,21428064,21544008,21861608,21347096,21519352,21826440,,,,,,,,,
21241328,21428368,21544008,21862744,21347576,21520344,21826512,,,,,,,,,
21243176,21428616,21544936,21862776,21347608,21521024,21826624,,,,,,,,,
21243904,21429296,21545712,21862976,21347696,21521424,21826720,,,,,,,,,
21244280,21429816,21545832,21863544,21347880,21521680,21826760,,,,,,,,,
21244608,21429984,21546360,21863968,21348360,21522952,21826896,,,,,,,,,
21244720,21430384,21546536,21864120,21350824,21523184,21827248,,,,,,,,,
21244840,21430664,21546600,21864640,21351064,21523688,21827312,,,,,,,,,
21245096,21431920,21546840,21864968,21351440,21523848,21827368,,,,,,,,,
21245704,21432312,21547184,21865760,21351984,21524712,21827968,,,,,,,,,
21245856,21432496,21547536,21865856,21352008,21524848,21828064,,,,,,,,,
21247104,21432680,21547784,21866008,21352496,21524872,21828168,,,,,,,,,
21247200,21432808,21548304,21866120,21352496,21525064,21828440,,,,,,,,,
21247360,21433064,21548872,21866744,21353376,21525304,21828544,,,,,,,,,
21247640,21433312,21549328,21867368,21353568,21526008,21828560,,,,,,,,,
21247808,21433840,21549368,21868856,21353680,21526368,21828768,,,,,,,,,
21247848,21434176,21549840,21869416,21353928,21526800,21829144,,,,,,,,,
21249280,21434336,21550192,21870536,21354096,21526816,21829672,,,,,,,,,
21249408,21434488,21550256,21870760,21354520,21527152,21830360,,,,,,,,,
21249488,21435976,21550512,21871112,21354568,21527256,21830680,,,,,,,,,
21249704,21436256,21551496,21871152,21355072,21528160,21830712,,,,,,,,,
21250352,21437504,21551720,21871360,21355248,21528448,21830840,,,,,,,,,
21251144,21437600,21551760,21871440,21355464,21528544,21831976,,,,,,,,,
21251744,21437688,21552512,21871744,21355568,21528584,21832632,,,,,,,,,
21251840,21437816,21553168,21871976,21355776,21529344,21832848,,,,,,,,,
21251904,21438184,21553408,21872232,21356360,21529560,21833016,,,,,,,,,
21252064,21438648,21553816,21872448,21356648,21530272,21833912,,,,,,,,,
21252360,21438648,21554184,21872656,21356824,21530600,21833984,,,,,,,,,
21252384,21439000,21554360,21872984,21356832,21530752,21834232,,,,,,,,,
21252440,21439552,21554496,21873464,21356944,21531424,21834960,,,,,,,,,
21253104,21439888,21554992,21873536,21357456,21532088,21835016,,,,,,,,,
21253248,21439928,21555112,21873720,21357760,21532296,21835808,,,,,,,,,
21253256,21441584,21555432,21874104,21357928,21533232,21835888,,,,,,,,,
21253272,21442008,21557136,21874600,21358280,21533584,21836176,,,,,,,,,
21253896,21442576,21557352,21874848,21358456,21533624,21836256,,,,,,,,,
21254072,21442736,21557944,21875664,21358632,21534440,21836368,,,,,,,,,
21254240,21442896,21558456,21875752,21358776,21534488,21837848,,,,,,,,,
21254296,21443232,21558520,21875928,21358856,21534536,21838176,,,,,,,,,
21254768,21443408,21558552,21875992,21360016,21534632,21838408,,,,,,,,,
21255240,21443912,21558816,21876328,21360544,21535560,21838896,,,,,,,,,
21255464,21444448,21559352,21876464,21361224,21536384,21839024,,,,,,,,,
21255984,21444712,21559512,21876624,21361280,21537184,21839408,,,,,,,,,
21257384,21445496,21560144,21876688,21362344,21537304,21839600,,,,,,,,,
21257880,21446384,21560264,21877208,21362392,21537320,21840912,,,,,,,,,
21258496,21446456,21560296,21877744,21362824,21537432,21841688,,,,,,,,,
21259408,21446520,21560736,21877960,21363464,21537688,21841696,,,,,,,,,
21259416,21447160,21560848,21878912,21363528,21537728,21842376,,,,,,,,,
21259768,21447360,21560856,21879128,21363560,21538280,21842504,,,,,,,,,
21260608,21447664,21560968,21879304,21363760,21538320,21842512,,,,,,,,,
21260720,21447728,21560968,21880016,21363904,21538512,21842840,,,,,,,,,
21260840,21447904,21561408,21880560,21364080,21538808,21843080,,,,,,,,,
21260856,21448264,21562624,21880584,21364448,21538872,21843392,,,,,,,,,
21261280,21448464,21563032,21880960,21364528,21538952,21843488,,,,,,,,,
21261320,21448560,21563968,21881456,21365424,21539256,21843848,,,,,,,,,
21261472,21449168,21564136,21881768,21366224,21539776,21843864,,,,,,,,,
21261496,21449192,21564328,21882872,21367368,21539856,21844056,,,,,,,,,
21261544,21449584,21564488,21882904,21367656,21540064,21844192,,,,,,,,,
21262584,21449696,21565112,21883064,21368432,21540320,21844200,,,,,,,,,
21262752,21450272,21565936,21883688,21369184,21540768,21844560,,,,,,,,,
21262952,21450944,21566080,21883752,21369320,21541992,21845032,,,,,,,,,
21263176,21451288,21566888,21883912,21369672,21542224,21845704,,,,,,,,,
21263656,21451320,21567472,21884088,21370272,21542304,21846080,,,,,,,,,
21264256,21451360,21568288,21885496,21370424,21543680,21846192,,,,,,,,,
21264280,21451896,21568744,21885528,21371000,21543888,21846208,,,,,,,,,
21264360,21452072,21569192,21885592,21371472,21544384,21846328,,,,,,,,,
21266504,21452408,21570088,21885648,21371896,21545256,21846816,,,,,,,,,
21266656,21452728,21570272,21886016,21372208,21545544,21847056,,,,,,,,,
21266768,21452960,21571456,21886216,21372856,21546800,21847864,,,,,,,,,
21266784,21453104,21571488,21886336,21373248,21546840,21848368,,,,,,,,,
21266832,21453104,21572272,21886408,21373344,21547016,21848544,,,,,,,,,
21267272,21453112,21572648,21886768,21373992,21547216,21848968,,,,,,,,,
21267432,21453952,21572680,21888376,21374824,21547320,21849920,,,,,,,,,
21267584,21453968,21573080,21889824,21374984,21547992,21850152,,,,,,,,,
21268632,21454008,21573128,21889872,21375040,21548024,21850304,,,,,,,,,
21268928,21454304,21573280,21890144,21375224,21548240,21850744,,,,,,,,,
21269000,21454464,21573568,21890624,21375432,21548320,21850752,,,,,,,,,
21269496,21455240,21573608,21890688,21376096,21548328,21851264,,,,,,,,,
21269696,21455320,21573760,21891424,21376160,21549272,21851640,,,,,,,,,
21270552,21456088,21573912,21892072,21376320,21550256,21851680,,,,,,,,,
21270688,21456208,21573952,21892200,21376432,21550368,21851816,,,,,,,,,
21270816,21456320,21573968,21892720,21377176,21550624,21853000,,,,,,,,,
21271352,21456328,21574912,21892760,21377688,21551008,21853224,,,,,,,,,
21271560,21456592,21575272,21892928,21377688,21551904,21853512,,,,,,,,,
21271720,21458248,21575648,21893368,21377896,21552984,21853952,,,,,,,,,
21272264,21458376,21576424,21893632,21378016,21553072,21854040,,,,,,,,,
21272816,21458584,21576696,21893672,21378432,21553528,21854448,,,,,,,,,
21272984,21459160,21576904,21894088,21378440,21554280,21855336,,,,,,,,,
21273552,21459240,21577104,21894288,21378520,21554664,21855832,,,,,,,,,
21274200,21459472,21577168,21894312,21379112,21554936,21856112,,,,,,,,,
21274568,21459664,21577256,21894920,21379296,21554952,21856232,,,,,,,,,
21274592,21460856,21577816,21894936,21380128,21555024,21856408,,,,,,,,,
21274768,21461568,21577952,21895440,21380176,21555208,21856816,,,,,,,,,
21275088,21461576,21578080,21895464,21381104,21555872,21857336,,,,,,,,,
21275112,21462400,21578392,21895864,21381104,21557184,21857360,,,,,,,,,
21275368,21463368,21578640,21896680,21382216,21557496,21857656,,,,,,,,,
21275776,21463792,21578768,21897152,21383000,21557616,21857672,,,,,,,,,
21275832,21463896,21578816,21897320,21383464,21557624,21858304,,,,,,,,,
21276296,21463904,21578840,21897600,21383504,21557640,21858584,,,,,,,,,
21276392,21464240,21579816,21898384,21383904,21558008,21858696,,,,,,,,,
21276400,21464264,21580112,21898512,21383928,21558192,21858712,,,,,,,,,
21277416,21464440,21580496,21898720,21383992,21558336,21859120,,,,,,,,,
21277464,21464624,21580536,21899224,21384568,21558400,21860568,,,,,,,,,
21277872,21464648,21581008,21899368,21385576,21558632,21860632,,,,,,,,,
21278224,21465064,21581096,21900288,21385712,21558832,21860696,,,,,,,,,
21278504,21465904,21581264,21900368,21386072,21558912,21861264,,,,,,,,,
21278632,21466072,21581704,21900952,21386288,21558928,21862312,,,,,,,,,
21278944,21466096,21582488,21901632,21386816,21559184,21862424,,,,,,,,,
21279800,21466208,21582688,21901744,21386880,21559304,21862808,,,,,,,,,
21281224,21466304,21583400,21902472,21387016,21559392,21862864,,,,,,,,,
21281696,21466384,21583632,21902528,21387040,21559560,21862880,,,,,,,,,
21281832,21467504,21585696,21903144,21387496,21560856,21863192,,,,,,,,,
21282056,21467856,21586120,21903688,21387688,21561752,21863200,,,,,,,,,
21282168,21468376,21587864,21904056,21388928,21562168,21863400,,,,,,,,,
21282608,21469216,21587992,21904288,21389128,21562232,21864544,,,,,,,,,
21283400,21469464,21588144,21904520,21389464,21562720,21865120,,,,,,,,,
21283448,21470040,21588696,21904784,21390152,21562816,21865272,,,,,,,,,
21283632,21470288,21588768,21904952,21390376,21563104,21865936,,,,,,,,,
21283736,21470504,21588768,21905016,21390432,21563528,21866152,,,,,,,,,
21284208,21471280,21589016,21905600,21390440,21563768,21866336,,,,,,,,,
21285552,21471432,21589800,21905912,21390896,21564064,21867872,,,,,,,,,
21285584,21472128,21590448,21905936,21391168,21564336,21867904,,,,,,,,,
21285608,21474032,21592144,21906040,21391384,21564888,21868624,,,,,,,,,
21285720,21474064,21592536,21906432,21391688,21565128,21868960,,,,,,,,,
21286024,21474576,21592640,21906440,21391744,21565400,21869048,,,,,,,,,
21286024,21474904,21592952,21906616,21391984,21565448,21869280,,,,,,,,,
21286040,21475216,21593528,21906840,21392176,21565664,21869568,,,,,,,,,
21286096,21476272,21593928,21907240,21392264,21565680,21869648,,,,,,,,,
21286576,21476680,21594504,21907744,21393176,21566808,21869680,,,,,,,,,
21287096,21476744,21595856,21908128,21393224,21566888,21870016,,,,,,,,,
21287320,21476752,21595968,21908800,21393544,21567128,21870296,,,,,,,,,
21287408,21476992,21596176,21908888,21393712,21567680,21871160,,,,,,,,,
21287688,21478208,21596320,21909144,21393856,21569128,21871184,,,,,,,,,
21288064,21478224,21596328,21909280,21394552,21569600,21871480,,,,,,,,,
21288096,21478312,21597056,21909544,21394584,21570016,21871520,,,,,,,,,
21288392,21478400,21597320,21909736,21394584,21570096,21871616,,,,,,,,,
21289072,21479376,21597424,21910168,21394600,21570968,21873136,,,,,,,,,
21289824,21480664,21597616,21910384,21394632,21571168,21873408,,,,,,,,,
21290128,21481112,21597656,21911680,21394744,21571312,21873736,,,,,,,,,
21290152,21481240,21597992,21911808,21394832,21571824,21874040,,,,,,,,,
21290168,21481472,21598176,21912200,21395344,21571880,21874136,,,,,,,,,
21290240,21482032,21598232,21912496,21395536,21572144,21874200,,,,,,,,,
21290416,21482152,21598312,21912704,21395816,21572184,21874496,,,,,,,,,
21290448,21482640,21598408,21912768,21395976,21572384,21875736,,,,,,,,,
21290720,21482704,21599264,21912952,21396080,21572576,21876008,,,,,,,,,
21290936,21482776,21599936,21913056,21396280,21573216,21876712,,,,,,,,,
21293240,21483560,21599944,21914336,21396728,21574408,21877112,,,,,,,,,
21293392,21483600,21600152,21914344,21397064,21574568,21877304,,,,,,,,,
21293480,21484144,21600208,21915296,21397184,21576144,21877856,,,,,,,,,
21293512,21484360,21600424,21916136,21397392,21576336,21878192,,,,,,,,,
21293520,21485424,21600576,21916168,21398200,21576744,21878384,,,,,,,,,
21293936,21485464,21601040,21916208,21398456,21576864,21879168,,,,,,,,,
21294152,21486480,21601048,21916624,21398792,21576888,21879272,,,,,,,,,
21294904,21486776,21601440,21916688,21399096,21577072,21879400,,,,,,,,,
21296072,21487448,21602568,21916856,21399368,21577192,21879544,,,,,,,,,
21296552,21487632,21602824,21917480,21399440,21578104,21879720,,,,,,,,,
21296624,21488016,21604400,21917688,21399544,21578744,21879856,,,,,,,,,
21296888,21488584,21605104,21918416,21399696,21579488,21879936,,,,,,,,,
21297160,21489696,21606072,21919992,21399976,21580504,21879976,,,,,,,,,
21297176,21490768,21606216,21920040,21400168,21580536,21880488,,,,,,,,,
21298624,21490816,21606304,21920104,21400488,21581080,21880592,,,,,,,,,
21298728,21492728,21606720,21920480,21400512,21581696,21881056,,,,,,,,,
21298736,21493576,21606936,21920664,21401368,21581960,21881112,,,,,,,,,
21299408,21493704,21606952,21921072,21401464,21581976,21881368,,,,,,,,,
21299688,21493888,21607088,21921328,21401552,21582800,21881768,,,,,,,,,
21299720,21493992,21607160,21921592,21401592,21582816,21881792,,,,,,,,,
21299992,21494008,21608144,21922416,21401736,21582904,21881904,,,,,,,,,
21300312,21494608,21608856,21922672,21401824,21583480,21882536,,,,,,,,,
21300408,21495344,21609128,21922800,21402432,21583528,21882656,,,,,,,,,
21301440,21496200,21609288,21924200,21402728,21584216,21883320,,,,,,,,,
21301736,21496232,21609584,21924408,21403072,21584672,21883360,,,,,,,,,
21301792,21496376,21609728,21924464,21403696,21585744,21883704,,,,,,,,,
21301872,21496664,21610048,21924680,21403840,21585856,21884200,,,,,,,,,
21301896,21497104,21610432,21924936,21404464,21586040,21884368,,,,,,,,,
21302184,21497128,21610560,21925312,21404624,21587320,21884504,,,,,,,,,
21302368,21497208,21610784,21925592,21404872,21587808,21885392,,,,,,,,,
21302568,21497328,21610952,21925840,21405040,21587816,21885696,,,,,,,,,
21302616,21497800,21611312,21925976,21405088,21588520,21886264,,,,,,,,,
21302704,21498416,21612480,21925992,21405616,21588712,21886952,,,,,,,,,
21303248,21498624,21612880,21926496,21407144,21589384,21887176,,,,,,,,,
21305576,21498816,21612904,21926848,21408424,21589528,21887376,,,,,,,,,
21305768,21499112,21613952,21927128,21409120,21589792,21887440,,,,,,,,,
21305768,21499368,21614560,21927272,21409144,21589936,21887688,,,,,,,,,
21305776,21499856,21616104,21927624,21409712,21589992,21887744,,,,,,,,,
21305840,21500168,21616264,21928264,21410224,21590016,21889152,,,,,,,,,
21306000,21500888,21617184,21928456,21410528,21590672,21889168,,,,,,,,,
21306208,21500920,21617184,21928840,21410848,21591552,21889696,,,,,,,,,
21306280,21501168,21619104,21928864,21411080,21591648,21889752,,,,,,,,,
21306344,21501760,21619568,21928864,21411872,21591664,21889944,,,,,,,,,
21306800,21501816,21619736,21929056,21411952,21593144,21890712,,,,,,,,,
21307080,21502456,21619848,21929088,21411976,21593504,21891848,,,,,,,,,
21307288,21503240,21620776,21929816,21413112,21595504,21892144,,,,,,,,,
21307488,21503360,21621472,21929888,21413176,21595592,21892352,,,,,,,,,
21307936,21503600,21621920,21929976,21413416,21595840,21892560,,,,,,,,,
21308192,21503608,21622120,21931552,21413416,21595976,21893208,,,,,,,,,
21308544,21503664,21622824,21932664,21413584,21595992,21893368,,,,,,,,,
21310040,21503712,21623224,21932824,21413760,21596328,21893608,,,,,,,,,
21310504,21503768,21624224,21932968,21414160,21598024,21895024,,,,,,,,,
21310976,21504488,21624328,21933240,21414216,21598088,21895304,,,,,,,,,
21311232,21505064,21625080,21933616,21414704,21598624,21896088,,,,,,,,,
21311264,21505264,21626080,21933776,21414856,21598744,21896104,,,,,,,,,
21311472,21505488,21626536,21934640,21415848,21600264,21896296,,,,,,,,,
21311720,21506232,21627664,21935728,21416112,21600584,21897032,,,,,,,,,
21312752,21506440,21628296,21937512,21416240,21601720,21897192,,,,,,,,,
21313344,21507176,21628488,21937960,21416432,21602032,21898208,,,,,,,,,
21313360,21507360,21629120,21938112,21416568,21602152,21898360,,,,,,,,,
21313656,21507376,21629680,21938992,21417344,21602168,21898408,,,,,,,,,
21313728,21507552,21629736,21939056,21417592,21602584,21898544,,,,,,,,,
21313896,21507672,21629904,21939368,21417648,21602992,21899448,,,,,,,,,
21314320,21508344,21630360,21940872,21418112,21603448,21899848,,,,,,,,,
21314424,21508384,21631408,21940920,21418584,21603536,21899880,,,,,,,,,
21314432,21511720,21632016,21940992,21418704,21604336,21900152,,,,,,,,,
21314496,21512976,21632664,21941032,21418848,21604360,21900384,,,,,,,,,
21314584,21513040,21632728,21941328,21419112,21604440,21900600,,,,,,,,,
21314632,21513584,21632824,21941568,21419456,21604648,21901528,,,,,,,,,
21315048,21514216,21633176,21942024,21419848,21605232,21901616,,,,,,,,,
21315376,21514312,21633232,21942112,21420024,21605568,21903448,,,,,,,,,
21316056,21515272,21633448,21943400,21421472,21606120,21904608,,,,,,,,,
21317576,21515856,21633856,21943568,21421536,21606216,21904704,,,,,,,,,
21317592,21516080,21634008,21945568,21421960,21606368,21905416,,,,,,,,,
21319240,21516384,21634304,21945568,21423576,21606424,21905488,,,,,,,,,
21320984,21516704,21634784,21945752,21423800,21606888,21906552,,,,,,,,,
21321168,21517488,21634936,21946064,21424512,21606992,21907416,,,,,,,,,
21321496,21517536,21635064,21946096,21424584,21607248,21907904,,,,,,,,,
21321696,21518328,21635768,21946112,21425264,21607256,21908216,,,,,,,,,
21322384,21518504,21636008,21946208,21425352,21607272,21908776,,,,,,,,,
21322432,21519536,21636184,21946840,21425824,21607408,21908880,,,,,,,,,
21322920,21520024,21636240,21946880,21426312,21607720,21909576,,,,,,,,,
21324248,21520328,21636352,21947904,21426520,21607728,21909608,,,,,,,,,
21324344,21520656,21637264,21948744,21426856,21608392,21910008,,,,,,,,,
21324440,21520744,21637280,21948760,21427928,21608632,21910016,,,,,,,,,
21324712,21521072,21637464,21949576,21428176,21608656,21910048,,,,,,,,,
21324800,21521840,21637776,21950448,21428200,21609112,21910144,,,,,,,,,
21325400,21522416,21638304,21951032,21429040,21609648,21910744,,,,,,,,,
21326176,21523056,21638552,21952080,21429336,21609728,21913256,,,,,,,,,
21326280,21523312,21639896,21952120,21429504,21610608,21913336,,,,,,,,,
21326520,21523592,21641568,21952680,21429616,21610792,21913720,,,,,,,,,
21326560,21523704,21642408,21952736,21430112,21611144,21913872,,,,,,,,,
21326888,21524792,21642968,21952896,21430336,21611680,21914328,,,,,,,,,
21327024,21524792,21643336,21953072,21431040,21611736,21915256,,,,,,,,,
21327360,21526792,21644736,21953840,21431120,21611880,21915280,,,,,,,,,
21328552,21526984,21646960,21954016,21431128,21612072,21915304,,,,,,,,,
21328768,21527272,21647760,21954336,21431136,21612696,21915944,,,,,,,,,
21329232,21527944,21648992,21955152,21431160,21613120,21916880,,,,,,,,,
21329496,21528696,21649088,21955320,21431984,21613384,21917328,,,,,,,,,
21329800,21528792,21649376,21955400,21432680,21613608,21918448,,,,,,,,,
21330152,21529872,21650000,21956192,21433424,21614464,21918912,,,,,,,,,
21331464,21529880,21651096,21956752,21434144,21615120,21919328,,,,,,,,,
21331560,21529904,21651560,21957848,21434176,21615736,21919640,,,,,,,,,
21331792,21529928,21651888,21957976,21434248,21615808,21919808,,,,,,,,,
21331968,21530160,21652112,21958264,21435552,21616336,21919992,,,,,,,,,
21332192,21530296,21652576,21958608,21436064,21616664,21920128,,,,,,,,,
21332560,21530984,21653128,21958848,21437560,21618080,21920576,,,,,,,,,
21333096,21531080,21653552,21960456,21438016,21618952,21920744,,,,,,,,,
21333224,21531512,21653592,21960744,21438216,21620056,21920872,,,,,,,,,
21333656,21531616,21656296,21961496,21438488,21620512,21921384,,,,,,,,,
21333944,21531776,21656784,21961632,21439080,21620752,21921552,,,,,,,,,
21334424,21531888,21656856,21962008,21439144,21621024,21921680,,,,,,,,,
21334440,21532400,21659440,21962912,21439584,21621048,21922240,,,,,,,,,
21335120,21532704,21659448,21963336,21439952,21621288,21922816,,,,,,,,,
21335896,21533128,21660832,21963456,21440016,21621432,21923160,,,,,,,,,
21336616,21533264,21661712,21963680,21440184,21621856,21924952,,,,,,,,,
21337080,21533480,21661912,21964592,21440592,21622120,21925304,,,,,,,,,
21339152,21533584,21662120,21965192,21441600,21622128,21925352,,,,,,,,,
21339768,21533624,21662336,21965256,21441824,21622704,21925440,,,,,,,,,
21339920,21533632,21662368,21965488,21442048,21623624,21926504,,,,,,,,,
21339928,21534656,21662920,21967224,21442912,21624104,21926600,,,,,,,,,
21340072,21534816,21663040,21967416,21443088,21624440,21927424,,,,,,,,,
21340632,21534832,21663088,21967800,21443176,21624552,21927752,,,,,,,,,
21341400,21535176,21663296,21968104,21443272,21626136,21928960,,,,,,,,,
21341752,21535176,21663600,21968576,21443864,21626864,21929016,,,,,,,,,
21341840,21535768,21665744,21969904,21444032,21627256,21929040,,,,,,,,,
21342016,21536328,21665896,21970152,21444200,21627368,21929312,,,,,,,,,
21342560,21536344,21666048,21970488,21445944,21628912,21929768,,,,,,,,,
21342640,21537800,21666048,21970712,21446568,21629016,21930968,,,,,,,,,
21342648,21537992,21666208,21971224,21447000,21629144,21931536,,,,,,,,,
21342800,21538640,21666488,21972368,21447472,21629368,21932424,,,,,,,,,
21344328,21539464,21667432,21972704,21447720,21629720,21933000,,,,,,,,,
21344592,21539488,21667920,21973064,21448560,21631472,21933824,,,,,,,,,
21344600,21539952,21668072,21973768,21448744,21633336,21934232,,,,,,,,,
21344720,21540032,21668112,21974680,21449392,21633848,21934560,,,,,,,,,
21344968,21540400,21668136,21975000,21450424,21634232,21934712,,,,,,,,,
21346976,21541384,21670752,21975728,21450592,21634264,21935072,,,,,,,,,
21347200,21541608,21670840,21976616,21450856,21634696,21936128,,,,,,,,,
21347352,21542920,21672400,21977064,21451128,21634864,21936192,,,,,,,,,
21347408,21544400,21672424,21977688,21451224,21635608,21936800,,,,,,,,,
21348040,21545824,21672680,21978128,21451776,21636176,21937656,,,,,,,,,
21349048,21546568,21672784,21979864,21451808,21636448,21938960,,,,,,,,,
21349608,21546584,21673152,21981280,21452448,21636848,21938984,,,,,,,,,
21349608,21546752,21673720,21981344,21452584,21636976,21939104,,,,,,,,,
21350504,21549016,21674368,21981480,21453416,21638680,21939248,,,,,,,,,
21350560,21549152,21674912,21981680,21453424,21639464,21939384,,,,,,,,,
21350608,21550136,21675192,21981832,21453848,21639512,21939528,,,,,,,,,
21351128,21550336,21675208,21981872,21454072,21640784,21939760,,,,,,,,,
21351264,21551656,21675696,21982376,21454512,21640848,21940344,,,,,,,,,
21351688,21552784,21675720,21982832,21454752,21642384,21940920,,,,,,,,,
21352088,21553424,21676160,21983056,21454928,21642976,21940984,,,,,,,,,
21352112,21555136,21677200,21984040,21455576,21643096,21941008,,,,,,,,,
21352808,21555440,21677576,21984424,21455768,21644960,21942280,,,,,,,,,
21353248,21555528,21678000,21984528,21455912,21645320,21942632,,,,,,,,,
21353792,21555680,21678352,21984760,21455944,21645952,21942704,,,,,,,,,
21354736,21555720,21679000,21985104,21456120,21646528,21942800,,,,,,,,,
21355184,21555856,21679208,21985336,21456272,21647144,21943128,,,,,,,,,
21355296,21556832,21680496,21985416,21456280,21647288,21944480,,,,,,,,,
21355688,21557216,21680648,21985504,21456584,21647288,21945064,,,,,,,,,
21355840,21559016,21681040,21989032,21456760,21647672,21945824,,,,,,,,,
21356160,21560608,21681136,21990552,21457024,21647752,21946688,,,,,,,,,
21356376,21560936,21681200,21990896,21457608,21648256,21948008,,,,,,,,,
21356624,21560936,21681312,21991760,21457760,21648344,21948488,,,,,,,,,
21356664,21561016,21681320,21991936,21458112,21648864,21949216,,,,,,,,,
21358120,21561824,21681368,21992128,21459232,21650176,21949512,,,,,,,,,
21358360,21562336,21682536,21992192,21460216,21651096,21949616,,,,,,,,,
21359584,21563328,21683672,21992952,21460632,21651584,21949696,,,,,,,,,
21360208,21563416,21683712,21993032,21461640,21651952,21950880,,,,,,,,,
21360560,21563640,21684208,21993992,21462040,21652080,21951112,,,,,,,,,
21361080,21563680,21684384,21994456,21462064,21652232,21951952,,,,,,,,,
21361192,21563872,21684424,21995280,21462160,21653824,21952552,,,,,,,,,
21361424,21564104,21686320,21995928,21462608,21653872,21954360,,,,,,,,,
21361752,21564864,21686640,21996616,21465704,21653888,21955048,,,,,,,,,
21362128,21565952,21686808,21996672,21466256,21653912,21955192,,,,,,,,,
21362920,21566000,21687848,21997320,21466432,21654048,21955416,,,,,,,,,
21364624,21566056,21688520,21999360,21467256,21654192,21955664,,,,,,,,,
21364792,21567208,21690792,21999552,21467792,21656136,21956296,,,,,,,,,
21364808,21567328,21691376,21999736,21468936,21656152,21956344,,,,,,,,,
21364848,21567872,21693104,22000856,21469552,21657344,21957264,,,,,,,,,
21366112,21568104,21693408,22001096,21469784,21657400,21957568,,,,,,,,,
21368104,21568368,21693824,22001608,21470496,21657632,21958672,,,,,,,,,
21368896,21568728,21694136,22003032,21470664,21658488,21959632,,,,,,,,,
21369848,21569712,21694392,22003792,21471240,21658536,21960096,,,,,,,,,
21370144,21569760,21695792,22006280,21471408,21659584,21960736,,,,,,,,,
21370312,21573264,21697424,22006352,21472232,21659832,21961640,,,,,,,,,
21370464,21573488,21697560,22007272,21472824,21660600,21963768,,,,,,,,,
21370592,21574000,21697680,22010280,21472976,21662448,21964528,,,,,,,,,
21370944,21574232,21697960,22011072,21473432,21664944,21965304,,,,,,,,,
21372456,21574672,21698152,22011336,21474744,21665184,21965600,,,,,,,,,
21373288,21576656,21698632,22013504,21475360,21665960,21966472,,,,,,,,,
21373368,21578120,21699344,22014112,21476512,21666120,21966696,,,,,,,,,
21373376,21579920,21700592,22014656,21480464,21666136,21967080,,,,,,,,,
21374104,21581152,21701032,22016720,21480752,21666392,21967688,,,,,,,,,
21374456,21581712,21702072,22016928,21481776,21666640,21967848,,,,,,,,,
21375232,21582032,21702184,22017024,21482160,21666712,21967960,,,,,,,,,
21375952,21582256,21702464,22017728,21482896,21666816,21968008,,,,,,,,,
21376520,21583232,21702664,22018120,21482984,21666856,21968088,,,,,,,,,
21377336,21583744,21702816,22018864,21483264,21666968,21970416,,,,,,,,,
21377352,21585208,21702928,22019024,21483672,21667032,21971184,,,,,,,,,
21377968,21586072,21703792,22019712,21483776,21670144,21971672,,,,,,,,,
21378632,21586568,21704928,22020104,21483944,21673176,21971904,,,,,,,,,
21378680,21587576,21705272,22020928,21484336,21673184,21972712,,,,,,,,,
21379016,21588856,21705848,22023464,21484584,21673528,21973176,,,,,,,,,
21379032,21590152,21708696,22023776,21484920,21676040,21974984,,,,,,,,,
21379080,21590496,21708792,22025280,21485272,21676480,21975032,,,,,,,,,
21379448,21590552,21709504,22025776,21485424,21676536,21976032,,,,,,,,,
21379736,21592400,21710496,22026440,21485624,21676872,21976896,,,,,,,,,
21379840,21592624,21710496,22029424,21485632,21677000,21977184,,,,,,,,,
21380104,21594104,21710648,22029736,21485720,21679272,21977984,,,,,,,,,
21381072,21594216,21711456,22029944,21486200,21680784,21978040,,,,,,,,,
21381952,21594472,21712632,22030208,21486408,21681360,21978256,,,,,,,,,
21382328,21594712,21712840,22031072,21487472,21681672,21978352,,,,,,,,,
21382344,21595880,21713352,22031224,21487784,21682160,21978736,,,,,,,,,
21382720,21596840,21713880,22032360,21488728,21684032,21979360,,,,,,,,,
21384360,21596856,21714200,22032496,21489056,21684376,21979896,,,,,,,,,
21386032,21596872,21714608,22033040,21489664,21684456,21980240,,,,,,,,,
21386096,21598864,21715232,22033408,21489664,21684528,21981224,,,,,,,,,
21387304,21600144,21715384,22033712,21489688,21684912,21983752,,,,,,,,,
21387528,21604648,21715784,22034272,21489752,21685840,21985392,,,,,,,,,
21387656,21605376,21716000,22034272,21491184,21686088,21987752,,,,,,,,,
21388744,21605552,21716280,22034576,21491448,21686560,21988336,,,,,,,,,
21389048,21605664,21716424,22036112,21492176,21686960,21988888,,,,,,,,,
21389216,21607240,21716648,22036528,21494216,21687392,21989720,,,,,,,,,
21389432,21607392,21719912,22037072,21494456,21687816,21990280,,,,,,,,,
21389456,21608096,21720624,22037776,21495520,21688656,21991184,,,,,,,,,
21390472,21608600,21720928,22038632,21495856,21689712,21991864,,,,,,,,,
21390712,21608952,21721304,22038880,21495920,21689888,21991936,,,,,,,,,
21391152,21609496,21721744,22039184,21495944,21690552,21992368,,,,,,,,,
21392536,21609616,21722280,22041592,21495952,21695104,21993168,,,,,,,,,
21392968,21610256,21722760,22042968,21496688,21696056,21995016,,,,,,,,,
21393096,21611560,21725088,22045120,21497144,21696448,21996384,,,,,,,,,
21393096,21613552,21725208,22045960,21497192,21696696,21997288,,,,,,,,,
21393248,21614336,21726080,22046528,21497400,21696960,21998432,,,,,,,,,
21393808,21615568,21727848,22047568,21497760,21700240,21998984,,,,,,,,,
21395240,21615904,21729416,22048416,21499608,21700912,21999504,,,,,,,,,
21395352,21616512,21729960,22048784,21502392,21701256,22000440,,,,,,,,,
21395368,21617456,21730104,22049128,21502416,21701360,22000728,,,,,,,,,
21395496,21618496,21730216,22049256,21502992,21701976,22000952,,,,,,,,,
21396984,21618552,21730792,22049792,21503312,21705016,22001320,,,,,,,,,
21397656,21620304,21732152,22051488,21504056,21705344,22002552,,,,,,,,,
21398104,21620376,21733136,22052448,21504272,21705592,22004304,,,,,,,,,
21398568,21620448,21733472,22052480,21504648,21705624,22004888,,,,,,,,,
21399616,21621840,21736624,22053304,21504880,21706224,22005320,,,,,,,,,
21400320,21622528,21736744,22053520,21505672,21706472,22008296,,,,,,,,,
21401008,21622856,21739808,22053672,21506104,21706608,22008392,,,,,,,,,
21401056,21623712,21740224,22053920,21509096,21706624,22010016,,,,,,,,,
21401432,21625072,21740304,22053968,21509328,21707488,22012024,,,,,,,,,
21402744,21625720,21740328,22054112,21509736,21709208,22013016,,,,,,,,,
21402968,21626976,21741264,22054992,21509800,21709584,22013224,,,,,,,,,
21403872,21628216,21741680,22055552,21510160,21709592,22013240,,,,,,,,,
21404360,21628800,21742232,22056040,21511024,21710408,22013608,,,,,,,,,
21404760,21629120,21743624,22056216,21512536,21711848,22015400,,,,,,,,,
21405072,21629336,21743872,22056776,21513696,21712568,22017040,,,,,,,,,
21405760,21629552,21745360,22058440,21513976,21713872,22018824,,,,,,,,,
21405880,21632320,21745752,22058728,21514352,21714640,22019280,,,,,,,,,
21407976,21632760,21746000,22060216,21514864,21715208,22019456,,,,,,,,,
21409056,21634776,21746736,22061192,21515312,21716128,22020408,,,,,,,,,
21409064,21635272,21746816,22061440,21516440,21716312,22021472,,,,,,,,,
21410312,21635672,21748208,22062728,21517464,21716320,22025352,,,,,,,,,
21411064,21636320,21749096,22062984,21518824,21716720,22025800,,,,,,,,,
21411344,21636440,21750512,22063832,21520128,21716736,22026424,,,,,,,,,
21411712,21637328,21756008,22064368,21523648,21717888,22026856,,,,,,,,,
21412632,21640320,21756120,22066160,21523800,21717920,22027648,,,,,,,,,
21413888,21643944,21756880,22067568,21523864,21718240,22029064,,,,,,,,,
21414104,21644208,21757888,22067600,21524448,21718496,22029240,,,,,,,,,
21415280,21644256,21758696,22070056,21525992,21719240,22029992,,,,,,,,,
21417928,21645712,21758752,22070096,21527824,21719272,22031240,,,,,,,,,
21418112,21646040,21758800,22073104,21528336,21719856,22031352,,,,,,,,,
21418448,21646192,21759160,22075472,21528552,21720392,22031592,,,,,,,,,
21418512,21646456,21759712,22077896,21529840,21720776,22033992,,,,,,,,,
21418872,21646896,21759984,22078632,21530304,21722640,22034328,,,,,,,,,
21419544,21648336,21760496,22080272,21530784,21722800,22035320,,,,,,,,,
21420200,21650376,21760552,22080864,21531856,21723032,22035408,,,,,,,,,
21421392,21650800,21760864,22081440,21532208,21723944,22039256,,,,,,,,,
21421608,21651968,21761216,22081648,21532560,21725208,22039640,,,,,,,,,
21422120,21653464,21761576,22082000,21532624,21725560,22039888,,,,,,,,,
21422640,21654528,21762224,22082040,21532672,21727464,22040160,,,,,,,,,
21422808,21654656,21762880,22082080,21533312,21727640,22042504,,,,,,,,,
21424312,21655768,21764384,22082368,21539704,21727816,22043336,,,,,,,,,
21424992,21656536,21767176,22086288,21543112,21727928,22043808,,,,,,,,,
21425128,21656584,21767704,22088816,21543688,21728048,22046408,,,,,,,,,
21425552,21656688,21768056,22089384,21543688,21728456,22047728,,,,,,,,,
21426920,21657112,21769160,22091616,21543800,21728760,22049624,,,,,,,,,
21427328,21659088,21769808,22091632,21544040,21728896,22050000,,,,,,,,,
21427744,21659192,21770192,22092344,21544712,21729080,22051856,,,,,,,,,
21428256,21659440,21770656,22093056,21544864,21730272,22052416,,,,,,,,,
21428944,21659680,21770968,22093104,21544888,21730504,22052704,,,,,,,,,
21429608,21661264,21771536,22094624,21545600,21730832,22054344,,,,,,,,,
21430960,21661608,21772904,22094944,21547800,21732120,22055000,,,,,,,,,
21431960,21661840,21773120,22096056,21548816,21732576,22055008,,,,,,,,,
21432112,21661976,21773520,22096392,21550136,21732704,22058000,,,,,,,,,
21432720,21662128,21776928,22096640,21551680,21732896,22058072,,,,,,,,,
21433240,21662296,21777072,22099192,21551872,21733008,22058176,,,,,,,,,
21435488,21664160,21777568,22099888,21552160,21734168,22058264,,,,,,,,,
21436976,21665296,21779456,22101216,21552464,21734736,22058560,,,,,,,,,
21437440,21666904,21779464,22101896,21552504,21735016,22059784,,,,,,,,,
21437624,21667200,21779712,22101952,21556336,21735880,22060816,,,,,,,,,
21438216,21669224,21781240,22102408,21556432,21736248,22061360,,,,,,,,,
21439168,21672248,21783568,22102896,21556488,21736696,22062384,,,,,,,,,
21439312,21673256,21786256,22104344,21558600,21737472,22063512,,,,,,,,,
21439872,21673376,21787424,22107560,21561496,21738496,22064088,,,,,,,,,
21440504,21674168,21788152,22107840,21561912,21738824,22065024,,,,,,,,,
21441744,21674976,21788440,22111944,21562768,21740904,22065224,,,,,,,,,
21441768,21675568,21788568,22113880,21563704,21742320,22065456,,,,,,,,,
21441872,21675920,21789728,22114504,21564120,21742624,22066048,,,,,,,,,
21442248,21676040,21789960,22115904,21564328,21743888,22068448,,,,,,,,,
21443720,21676432,21791976,22115936,21564504,21745328,22068536,,,,,,,,,
21443992,21677736,21793280,22116408,21565824,21746144,22069480,,,,,,,,,
21449008,21678040,21793368,22117280,21565832,21748432,22070032,,,,,,,,,
21450144,21679696,21795552,22117648,21567528,21748616,22070488,,,,,,,,,
21451648,21682088,21795712,22118656,21567744,21748992,22075080,,,,,,,,,
21452080,21683360,21797992,22121272,21568400,21749424,22075864,,,,,,,,,
21452408,21683824,21798752,22123912,21568512,21749640,22076104,,,,,,,,,
21453920,21686440,21799024,22124416,21568840,21749992,22080432,,,,,,,,,
21455192,21688376,21799472,22126536,21569472,21753080,22082104,,,,,,,,,
21456840,21688392,21799472,22128208,21570072,21753608,22083992,,,,,,,,,
21457384,21688568,21799888,22129720,21572680,21755496,22088112,,,,,,,,,
21459176,21688776,21800512,22130800,21574728,21755648,22089736,,,,,,,,,
21464784,21688984,21800776,22131032,21575240,21757496,22091416,,,,,,,,,
21466160,21689928,21802272,22133696,21576248,21757512,22092640,,,,,,,,,
21469784,21692824,21802584,22133880,21578360,21759360,22092696,,,,,,,,,
21470192,21693976,21803040,22133896,21578640,21760336,22092744,,,,,,,,,
21470264,21695720,21803200,22134296,21579448,21760888,22094952,,,,,,,,,
21471088,21695912,21803224,22135568,21579664,21761048,22095592,,,,,,,,,
21471864,21696088,21805384,22135656,21583448,21761592,22095840,,,,,,,,,
21473208,21696576,21806312,22139152,21584928,21761688,22095872,,,,,,,,,
21475216,21697200,21806448,22140248,21584960,21761688,22096360,,,,,,,,,
21475280,21698048,21806744,22143120,21584968,21762808,22097304,,,,,,,,,
21477584,21699072,21807512,22143296,21585408,21763896,22098784,,,,,,,,,
21478152,21699336,21807856,22144856,21585904,21765512,22098808,,,,,,,,,
21478408,21699544,21808016,22144960,21585928,21765744,22099072,,,,,,,,,
21479120,21700664,21808368,22145624,21586080,21766320,22099832,,,,,,,,,
21484632,21700864,21808568,22146000,21586312,21766808,22100024,,,,,,,,,
21489016,21701080,21810064,22147696,21586680,21766856,22101592,,,,,,,,,
21491024,21701712,21811248,22148560,21589136,21772856,22103280,,,,,,,,,
21493120,21701992,21811264,22150312,21589952,21772976,22104776,,,,,,,,,
21494208,21702184,21811592,22150936,21590816,21775016,22105336,,,,,,,,,
21494704,21702744,21815048,22151400,21593520,21777168,22105496,,,,,,,,,
21496240,21704520,21815280,22153392,21593744,21777696,22106616,,,,,,,,,
21497760,21707304,21815584,22154408,21593960,21777760,22106688,,,,,,,,,
21499208,21719424,21816000,22157104,21597280,21778120,22107248,,,,,,,,,
21499440,21719496,21818328,22159088,21598656,21778120,22109176,,,,,,,,,
21502872,21722096,21818384,22160376,21603128,21780240,22109376,,,,,,,,,
21502912,21726624,21820096,22161000,21606456,21780304,22109800,,,,,,,,,
21503168,21727616,21821536,22161976,21608184,21781136,22111536,,,,,,,,,
21505304,21727760,21821880,22163280,21608704,21781328,22115960,,,,,,,,,
21506848,21728528,21822096,22163736,21609296,21785128,22116296,,,,,,,,,
21506960,21731056,21827584,22164032,21609640,21787944,22118192,,,,,,,,,
21508856,21732800,21827872,22164200,21610424,21788560,22118832,,,,,,,,,
21509784,21735768,21828784,22164888,21611688,21789080,22121240,,,,,,,,,
21511592,21736984,21831368,22167624,21613112,21789912,22122000,,,,,,,,,
21515472,21737016,21833048,22169336,21613288,21792536,22122008,,,,,,,,,
21516152,21739184,21833584,22169480,21613576,21793832,22122984,,,,,,,,,
21516392,21740088,21833688,22170144,21614536,21794312,22124592,,,,,,,,,
21516928,21742880,21834128,22170360,21615368,21794920,22125056,,,,,,,,,
21518792,21744072,21835368,22173008,21615480,21796448,22126280,,,,,,,,,
21519064,21745472,21836880,22173624,21620856,21798040,22126928,,,,,,,,,
21521056,21746264,21837352,22173832,21623952,21799416,22127984,,,,,,,,,
21521336,21746336,21838336,22174512,21624632,21805008,22129744,,,,,,,,,
21524024,21746840,21840120,22178216,21625160,21805632,22129824,,,,,,,,,
21524456,21749000,21840504,22178760,21626272,21806888,22133480,,,,,,,,,
21527008,21752280,21844184,22178792,21626688,21808600,22133960,,,,,,,,,
21527312,21752584,21846088,22179112,21626784,21809248,22135920,,,,,,,,,
21530424,21754936,21850576,22181488,21626800,21813688,22136360,,,,,,,,,
21535056,21755032,21852256,22182176,21627544,21815888,22136664,,,,,,,,,
21535464,21755728,21852392,22186456,21629400,21816368,22138888,,,,,,,,,
21539024,21757888,21855216,22188728,21632040,21821496,22139552,,,,,,,,,
21541192,21758040,21855320,22191816,21632488,21824192,22139664,,,,,,,,,
21544080,21759120,21855744,22198056,21633992,21825232,22143152,,,,,,,,,
21545288,21759208,21856664,22198112,21634744,21827000,22144416,,,,,,,,,
21546904,21759464,21859304,22201640,21636096,21827328,22144448,,,,,,,,,
21547248,21760080,21861232,22203056,21636480,21827504,22146352,,,,,,,,,
21548184,21760488,21861304,22206392,21638216,21830328,22147304,,,,,,,,,
21550288,21763368,21865368,22208064,21643848,21836296,22147464,,,,,,,,,
21550752,21766864,21870560,22208728,21647336,21839352,22149688,,,,,,,,,
21551776,21769640,21871528,22212464,21650296,21840656,22149944,,,,,,,,,
21552040,21770960,21872000,22213424,21650360,21842872,22151056,,,,,,,,,
21561592,21770992,21872896,22213888,21654496,21842984,22151392,,,,,,,,,
21566928,21780288,21873816,22215896,21656344,21843496,22152080,,,,,,,,,
21567592,21780448,21875936,22217568,21656800,21844160,22152128,,,,,,,,,
21569416,21783104,21879872,22219256,21658816,21844184,22153064,,,,,,,,,
21570576,21786392,21880048,22219640,21664352,21844328,22154312,,,,,,,,,
21571696,21787864,21881104,22220208,21670504,21845024,22155456,,,,,,,,,
21572136,21789800,21882288,22220704,21677816,21846208,22158552,,,,,,,,,
21572864,21794280,21882440,22222064,21688032,21848352,22161760,,,,,,,,,
21578416,21796720,21883088,22226424,21688424,21848976,22162600,,,,,,,,,
21584360,21798040,21883744,22228352,21688968,21850136,22162896,,,,,,,,,
21594640,21801032,21885448,22230592,21693128,21852056,22168048,,,,,,,,,
21595928,21805408,21887072,22231344,21693424,21852816,22169424,,,,,,,,,
21598392,21807056,21890304,22231952,21694112,21853224,22170600,,,,,,,,,
21600528,21809912,21896216,22232376,21710648,21855992,22178480,,,,,,,,,
21602528,21809976,21896976,22237424,21711152,21856032,22179816,,,,,,,,,
21604528,21815328,21897856,22245352,21712688,21856072,22180984,,,,,,,,,
21606384,21819800,21898776,22247544,21715568,21856776,22181160,,,,,,,,,
21613696,21820984,21901520,22248696,21718680,21857152,22183568,,,,,,,,,
21615184,21821472,21904728,22248856,21722264,21859160,22184464,,,,,,,,,
21615880,21821880,21909392,22251288,21727536,21861680,22185968,,,,,,,,,
21615912,21828240,21910312,22251600,21728840,21863424,22186440,,,,,,,,,
21618008,21831880,21918824,22252856,21728904,21868120,22186552,,,,,,,,,
21618920,21833808,21919424,22253152,21729184,21869888,22192864,,,,,,,,,
21621928,21834944,21921784,22254712,21733784,21870896,22197448,,,,,,,,,
21627256,21837480,21922040,22254896,21737624,21872568,22200560,,,,,,,,,
21628344,21839744,21927992,22258688,21740512,21872680,22200936,,,,,,,,,
21641056,21841968,21930912,22263472,21741328,21873912,22208208,,,,,,,,,
21643120,21842360,21932352,22267264,21745096,21875632,22208280,,,,,,,,,
21643512,21842816,21934656,22274144,21758048,21876200,22208584,,,,,,,,,
21644600,21844184,21935240,22275072,21758432,21876208,22211472,,,,,,,,,
21649120,21845200,21940416,22291464,21763176,21877480,22217840,,,,,,,,,
21650224,21846720,21945624,22298200,21768392,21880888,22219928,,,,,,,,,
21653064,21854936,21951472,22301432,21772752,21881544,22224592,,,,,,,,,
21656760,21856880,21952808,22302312,21773208,21881696,22229216,,,,,,,,,
21657736,21858704,21964880,22304680,21778088,21883672,22234864,,,,,,,,,
21664544,21863152,21966840,22306384,21783136,21883880,22240136,,,,,,,,,
21667568,21874640,21974464,22308216,21786296,21891952,22242656,,,,,,,,,
21670872,21878064,21976208,22309816,21791224,21898912,22249576,,,,,,,,,
21672064,21879384,21979064,22310256,21798464,21905632,22254896,,,,,,,,,
21674360,21880264,21979584,22310392,21798808,21912896,22264952,,,,,,,,,
21676632,21882816,21984616,22325968,21803776,21914496,22265792,,,,,,,,,
21677256,21883536,21986128,22327984,21821840,21915824,22269352,,,,,,,,,
21682016,21884488,22010976,22330744,21824920,21918352,22280064,,,,,,,,,
21686176,21888312,22018520,22352192,21825824,21921232,22289592,,,,,,,,,
21694992,21889264,22022600,22355968,21832072,21925008,22290168,,,,,,,,,
21702256,21891176,22043136,22356728,21845824,21927296,22296488,,,,,,,,,
21731136,21893712,22052216,22364448,21848824,21933280,22305280,,,,,,,,,
21738616,21906392,22052720,22365952,21854824,21934176,22314568,,,,,,,,,
21751080,21906672,22058584,22368648,21855720,21943384,22326496,,,,,,,,,
21754480,21910600,22066376,22369232,21861888,21948808,22328744,,,,,,,,,
21757064,21911760,22079528,22371360,21867648,21950800,22334624,,,,,,,,,
21761288,21911896,22081720,22376680,21888080,21952184,22337736,,,,,,,,,
21776680,21912920,22129136,22377224,21895456,21955928,22361680,,,,,,,,,
21781064,21931296,22144424,22378600,21897704,21961928,22372056,,,,,,,,,
21799440,21954688,22149856,22387048,21902600,21962168,22375968,,,,,,,,,
21806336,21955656,22156840,22401840,21904368,21962184,22382352,,,,,,,,,
21810664,21962304,22159592,22402600,21906200,21969112,22390312,,,,,,,,,
21811600,21965096,22162712,22406144,21918416,21971232,22393792,,,,,,,,,
21813376,21967160,22174936,22410152,21923376,21982416,22401560,,,,,,,,,
21815200,21971136,22177624,22421024,21934400,21988248,22422064,,,,,,,,,
21823776,21975064,22188384,22430528,21939824,21989792,22440712,,,,,,,,,
21834632,21993640,22193032,22434264,21956504,21993048,22452448,,,,,,,,,
21839272,21997712,22196864,22436488,21972408,21996392,22477216,,,,,,,,,
21839616,22016848,22198600,22438376,21986632,21998800,22479872,,,,,,,,,
21843712,22031000,22201120,22449784,21993440,22006216,22501032,,,,,,,,,
21865152,22049512,22215576,22478072,21994352,22006608,22535048,,,,,,,,,
21877720,22051216,22234520,22505256,22029120,22012408,22560736,,,,,,,,,
21887416,22084872,22235848,22513264,22032520,22032256,22561152,,,,,,,,,
21888072,22093592,22259168,22526752,22035688,22032480,22562544,,,,,,,,,
21898136,22099080,22276296,22531304,22056120,22050800,22581216,,,,,,,,,
21906240,22127648,22300600,22551848,22060760,22084088,22597544,,,,,,,,,
21928744,22217528,22303096,22552664,22067160,22088352,22630808,,,,,,,,,
21931752,22269352,22305096,22572720,22067760,22090240,22638208,,,,,,,,,
21934544,22289176,22326384,22577992,22115448,22090712,22650280,,,,,,,,,
21946000,22304504,22338128,22583208,22135144,22101552,22650712,,,,,,,,,
21968288,22349312,22369280,22592544,22152704,22142768,22677792,,,,,,,,,
21976808,22372040,22393888,22595544,22191408,22162504,22684488,,,,,,,,,
21995912,22476976,22401824,22622904,22277592,22205216,22715016,,,,,,,,,
22004496,22487472,22424648,22723936,22300688,22207976,22730152,,,,,,,,,
22009568,22497168,22428464,22728816,22351656,22218352,22731192,,,,,,,,,
22018720,22562808,22431664,22737592,22399040,22226184,22750848,,,,,,,,,
22040624,22576880,22489272,22818752,22403072,22247728,22768304,,,,,,,,,
22104448,22795160,22504152,22820984,22404584,22350368,22850968,,,,,,,,,
22106792,22890616,22529496,22845816,22412088,22364488,22852160,,,,,,,,,
22117024,22921696,22533400,22891984,22414440,22375264,22865152,,,,,,,,,
22166296,22975408,22544672,22892688,22428712,22433920,22873328,,,,,,,,,
22172856,23133824,22582984,22901432,22516344,22498216,22897608,,,,,,,,,
22182712,23163576,22589072,22913968,22548104,22546280,22898600,,,,,,,,,
22189576,23213176,22710592,22933064,22684072,22606840,23004608,,,,,,,,,
22189648,23244312,22752400,23018776,22716088,22648520,23053200,,,,,,,,,
22215560,23301008,22811168,23200736,22851840,22719288,23062168,,,,,,,,,
22220536,23329208,22812776,23204304,22883352,22719760,23117440,,,,,,,,,
22259472,23350872,22859672,23231072,22940040,22740488,23163928,,,,,,,,,
22270544,23454568,22945112,23247856,22966128,22767952,23219816,,,,,,,,,
22279664,23478648,23138752,23496184,23015600,22781984,23284096,,,,,,,,,
22279752,23603200,23142176,23575568,23077888,22792336,23289112,,,,,,,,,
22281752,23647112,23225472,23590848,23157368,22810776,23386288,,,,,,,,,
22296088,23660416,23268968,23727664,23335584,22857000,23397784,,,,,,,,,
22328976,23686904,23295544,23732168,23449448,22915352,23415544,,,,,,,,,
22344200,23744672,23338256,23763488,23494168,23005688,23530656,,,,,,,,,
22420792,23994816,23353296,23878304,23531200,23061840,23561456,,,,,,,,,
22584912,24165312,23384760,23878728,23591848,23090144,23570584,,,,,,,,,
22620528,24178536,23417176,23959144,23716952,23129376,23573360,,,,,,,,,
22657256,24195312,23627016,23975168,23750904,23139128,23633048,,,,,,,,,
22669096,24469248,23643544,24028728,23936424,23296024,23666288,,,,,,,,,
22719592,24554976,23770288,24109520,24050960,23345408,23764736,,,,,,,,,
22857704,24704936,23770712,24169632,24364992,23406248,23856488,,,,,,,,,
23072024,24926600,23774512,24192672,24444496,23448368,23876552,,,,,,,,,
23165392,25065480,24012880,24200880,24720392,23482504,23987384,,,,,,,,,
23184456,25205224,24135960,24220704,24774304,23956344,24035936,,,,,,,,,
23199264,25377552,24250456,24281784,24847456,24003440,24062144,,,,,,,,,
23205816,25433472,24382832,24491144,24897312,24028112,24121792,,,,,,,,,
23219632,25520576,24418968,24631464,25264080,24114080,24232512,,,,,,,,,
23285032,25536056,24530216,25091784,25294096,24326352,24279368,,,,,,,,,
23297984,25630976,24667272,25134784,25342880,24654760,24861672,,,,,,,,,
23385216,25704288,24719304,25210224,25446760,24695760,24901840,,,,,,,,,
23481520,25706384,24893552,25222984,25586088,24832456,24970920,,,,,,,,,
23709792,25838992,24963624,25353912,25823400,24873000,24983760,,,,,,,,,
23872336,25878296,25114760,25439592,25902040,25005648,25107640,,,,,,,,,
23887304,25944312,25132880,25548704,25925472,25119136,25139824,,,,,,,,,
23988392,26020104,25315104,25634128,26118688,25163456,25208416,,,,,,,,,
24043088,26067384,25337048,25722408,26125752,25518000,25364672,,,,,,,,,
24098552,26088872,26019080,26044472,26239848,25540296,25582240,,,,,,,,,
24155472,26146728,26176256,26057848,26263944,25560552,25845472,,,,,,,,,
24262064,26190368,26302664,26059280,26288472,25576776,25878312,,,,,,,,,
24350912,26298576,26313608,26065976,26322096,25587304,26041760,,,,,,,,,
24359880,26399208,26521568,26350488,26325024,25775768,26073408,,,,,,,,,
24377560,26558584,26585376,26421696,26336816,25913544,26195360,,,,,,,,,
24825688,26692776,26633792,26514680,26432984,26002376,26818976,,,,,,,,,
25540448,26756248,26694768,26699968,26438928,26085840,26879152,,,,,,,,,
25579888,26783264,26849864,26815168,26666760,26382224,26911384,,,,,,,,,
25825672,27064904,26909392,26829744,26823920,26538360,26953096,,,,,,,,,
26062976,27098832,27053864,27241920,26851904,26663808,27058040,,,,,,,,,
26150368,27125896,27057392,27302592,27021080,26868672,27739360,,,,,,,,,
26204560,27215040,27222400,27376608,27028400,26900744,27851056,,,,,,,,,
26211056,27228720,27390976,27608048,27123672,26925304,27858056,,,,,,,,,
26557536,27241456,27431176,27704096,27133304,27138328,27885568,,,,,,,,,
26657312,27338520,27465224,27769160,27160280,27315752,27928008,,,,,,,,,
26668424,27347432,27485048,27798104,27183320,27322600,27935768,,,,,,,,,
26700696,27408376,27486824,27886392,27283568,27403896,27970144,,,,,,,,,
26740144,27440376,27508488,28088136,27384176,27409944,27977792,,,,,,,,,
26783904,27444192,27561136,28104808,27384296,27421488,27990752,,,,,,,,,
26843336,27459872,27602280,28126240,27389104,27440576,27990808,,,,,,,,,
26864360,27576752,27611024,28249328,27390344,27455136,28012880,,,,,,,,,
26880112,27655000,27697888,28281088,27403888,27496232,28037160,,,,,,,,,
26965504,27728880,27767312,28289432,27427672,27521552,28050824,,,,,,,,,
27088600,27994640,27913384,28305360,27466496,27759240,28140576,,,,,,,,,
27444968,28046728,27917256,28354240,27575240,27820400,28347456,,,,,,,,,
27542680,28733824,27965704,28630016,29963544,27894512,28453056,,,,,,,,,
