21270000 
21276944 
21283872 
21283928 
21290576 
21291440 
21292696 
21294368 
21295256 
21295568 
21297280 
21297896 
21298664 
21303992 
21308440 
21309320 
21309632 
21309832 
21310600 
21310920 
21311136 
21311680 
21312328 
21314224 
21315808 
21319192 
21319272 
21319736 
21321888 
21321984 
21322096 
21322480 
21322608 
21324192 
21325704 
21326296 
21326528 
21326600 
21326976 
21327088 
21327408 
21329384 
21329568 
21329696 
21330208 
21332568 
21332744 
21333352 
21333552 
21334000 
21334104 
21334136 
21335400 
21335832 
21337184 
21337280 
21338136 
21338360 
21338792 
21339032 
21339296 
21339624 
21340480 
21341256 
21341664 
21341752 
21341856 
21342248 
21342496 
21342896 
21343656 
21343680 
21343928 
21343976 
21344120 
21344960 
21345064 
21348816 
21348832 
21349768 
21350176 
21351192 
21351368 
21351632 
21352472 
21352488 
21352792 
21353240 
21353288 
21353496 
21353656 
21353776 
21354184 
21354288 
21355080 
21355240 
21355960 
21356312 
21356952 
21357024 
21358584 
21358744 
21359040 
21359976 
21360000 
21360304 
21360464 
21360904 
21361288 
21361352 
21361808 
21362080 
21362336 
21363152 
21363208 
21363808 
21364680 
21365720 
21365744 
21366256 
21366296 
21366720 
21366864 
21367144 
21367312 
21367456 
21367696 
21367864 
21367936 
21368280 
21368664 
21368760 
21368808 
21368824 
21368952 
21369016 
21369456 
21369648 
21369848 
21369960 
21370784 
21371712 
21371712 
21372272 
21372424 
21372520 
21372672 
21372784 
21373128 
21373400 
21373680 
21373792 
21374160 
21374880 
21375032 
21375192 
21375712 
21375888 
21376088 
21376264 
21376296 
21376384 
21377496 
21377968 
21378000 
21378304 
21379552 
21379856 
21380040 
21380120 
21380328 
21380528 
21380768 
21380776 
21381640 
21382160 
21382392 
21382656 
21383152 
21383160 
21383736 
21384384 
21384704 
21385128 
21385128 
21385312 
21385720 
21385984 
21386472 
21386504 
21386824 
21386864 
21387248 
21387488 
21387840 
21387864 
21388056 
21388128 
21388672 
21388680 
21389096 
21389184 
21389688 
21390784 
21390904 
21391376 
21391840 
21391896 
21392584 
21392904 
21394720 
21394784 
21395080 
21395104 
21395544 
21395664 
21395808 
21395856 
21395880 
21396056 
21396144 
21396168 
21396312 
21396480 
21396976 
21397016 
21397144 
21397288 
21397528 
21397552 
21397784 
21398264 
21398440 
21398472 
21398720 
21398912 
21398936 
21398944 
21398984 
21400032 
21400888 
21401096 
21401400 
21401672 
21402360 
21402456 
21403048 
21403208 
21403320 
21403656 
21403720 
21404584 
21404600 
21404800 
21405632 
21405872 
21406056 
21406560 
21406720 
21406800 
21406872 
21406992 
21407096 
21407272 
21408448 
21408448 
21408744 
21408768 
21409264 
21409368 
21409592 
21409688 
21409704 
21409880 
21410280 
21410288 
21410320 
21410552 
21410584 
21411368 
21411520 
21411824 
21412904 
21412976 
21413376 
21413696 
21413728 
21413792 
21414096 
21414200 
21414216 
21415240 
21416976 
21417608 
21417896 
21417912 
21418456 
21418752 
21419392 
21419488 
21419544 
21420504 
21420640 
21421416 
21421472 
21421576 
21421720 
21421792 
21421824 
21421888 
21422264 
21423064 
21423104 
21423160 
21423448 
21423616 
21423904 
21424000 
21424072 
21424368 
21424488 
21424680 
21426000 
21426376 
21426400 
21426624 
21427672 
21427808 
21428040 
21428064 
21428368 
21428616 
21429296 
21429816 
21429984 
21430384 
21430664 
21431920 
21432312 
21432496 
21432680 
21432808 
21433064 
21433312 
21433840 
21434176 
21434336 
21434488 
21435976 
21436256 
21437504 
21437600 
21437688 
21437816 
21438184 
21438648 
21438648 
21439000 
21439552 
21439888 
21439928 
21441584 
21442008 
21442576 
21442736 
21442896 
21443232 
21443408 
21443912 
21444448 
21444712 
21445496 
21446384 
21446456 
21446520 
21447160 
21447360 
21447664 
21447728 
21447904 
21448264 
21448464 
21448560 
21449168 
21449192 
21449584 
21449696 
21450272 
21450944 
21451288 
21451320 
21451360 
21451896 
21452072 
21452408 
21452728 
21452960 
21453104 
21453104 
21453112 
21453952 
21453968 
21454008 
21454304 
21454464 
21455240 
21455320 
21456088 
21456208 
21456320 
21456328 
21456592 
21458248 
21458376 
21458584 
21459160 
21459240 
21459472 
21459664 
21460856 
21461568 
21461576 
21462400 
21463368 
21463792 
21463896 
21463904 
21464240 
21464264 
21464440 
21464624 
21464648 
21465064 
21465904 
21466072 
21466096 
21466208 
21466304 
21466384 
21467504 
21467856 
21468376 
21469216 
21469464 
21470040 
21470288 
21470504 
21471280 
21471432 
21472128 
21474032 
21474064 
21474576 
21474904 
21475216 
21476272 
21476680 
21476744 
21476752 
21476992 
21478208 
21478224 
21478312 
21478400 
21479376 
21480664 
21481112 
21481240 
21481472 
21482032 
21482152 
21482640 
21482704 
21482776 
21483560 
21483600 
21484144 
21484360 
21485424 
21485464 
21486480 
21486776 
21487448 
21487632 
21488016 
21488584 
21489696 
21490768 
21490816 
21492728 
21493576 
21493704 
21493888 
21493992 
21494008 
21494608 
21495344 
21496200 
21496232 
21496376 
21496664 
21497104 
21497128 
21497208 
21497328 
21497800 
21498416 
21498624 
21498816 
21499112 
21499368 
21499856 
21500168 
21500888 
21500920 
21501168 
21501760 
21501816 
21502456 
21503240 
21503360 
21503600 
21503608 
21503664 
21503712 
21503768 
21504488 
21505064 
21505264 
21505488 
21506232 
21506440 
21507176 
21507360 
21507376 
21507552 
21507672 
21508344 
21508384 
21511720 
21512976 
21513040 
21513584 
21514216 
21514312 
21515272 
21515856 
21516080 
21516384 
21516704 
21517488 
21517536 
21518328 
21518504 
21519536 
21520024 
21520328 
21520656 
21520744 
21521072 
21521840 
21522416 
21523056 
21523312 
21523592 
21523704 
21524792 
21524792 
21526792 
21526984 
21527272 
21527944 
21528696 
21528792 
21529872 
21529880 
21529904 
21529928 
21530160 
21530296 
21530984 
21531080 
21531512 
21531616 
21531776 
21531888 
21532400 
21532704 
21533128 
21533264 
21533480 
21533584 
21533624 
21533632 
21534656 
21534816 
21534832 
21535176 
21535176 
21535768 
21536328 
21536344 
21537800 
21537992 
21538640 
21539464 
21539488 
21539952 
21540032 
21540400 
21541384 
21541608 
21542920 
21544400 
21545824 
21546568 
21546584 
21546752 
21549016 
21549152 
21550136 
21550336 
21551656 
21552784 
21553424 
21555136 
21555440 
21555528 
21555680 
21555720 
21555856 
21556832 
21557216 
21559016 
21560608 
21560936 
21560936 
21561016 
21561824 
21562336 
21563328 
21563416 
21563640 
21563680 
21563872 
21564104 
21564864 
21565952 
21566000 
21566056 
21567208 
21567328 
21567872 
21568104 
21568368 
21568728 
21569712 
21569760 
21573264 
21573488 
21574000 
21574232 
21574672 
21576656 
21578120 
21579920 
21581152 
21581712 
21582032 
21582256 
21583232 
21583744 
21585208 
21586072 
21586568 
21587576 
21588856 
21590152 
21590496 
21590552 
21592400 
21592624 
21594104 
21594216 
21594472 
21594712 
21595880 
21596840 
21596856 
21596872 
21598864 
21600144 
21604648 
21605376 
21605552 
21605664 
21607240 
21607392 
21608096 
21608600 
21608952 
21609496 
21609616 
21610256 
21611560 
21613552 
21614336 
21615568 
21615904 
21616512 
21617456 
21618496 
21618552 
21620304 
21620376 
21620448 
21621840 
21622528 
21622856 
21623712 
21625072 
21625720 
21626976 
21628216 
21628800 
21629120 
21629336 
21629552 
21632320 
21632760 
21634776 
21635272 
21635672 
21636320 
21636440 
21637328 
21640320 
21643944 
21644208 
21644256 
21645712 
21646040 
21646192 
21646456 
21646896 
21648336 
21650376 
21650800 
21651968 
21653464 
21654528 
21654656 
21655768 
21656536 
21656584 
21656688 
21657112 
21659088 
21659192 
21659440 
21659680 
21661264 
21661608 
21661840 
21661976 
21662128 
21662296 
21664160 
21665296 
21666904 
21667200 
21669224 
21672248 
21673256 
21673376 
21674168 
21674976 
21675568 
21675920 
21676040 
21676432 
21677736 
21678040 
21679696 
21682088 
21683360 
21683824 
21686440 
21688376 
21688392 
21688568 
21688776 
21688984 
21689928 
21692824 
21693976 
21695720 
21695912 
21696088 
21696576 
21697200 
21698048 
21699072 
21699336 
21699544 
21700664 
21700864 
21701080 
21701712 
21701992 
21702184 
21702744 
21704520 
21707304 
21719424 
21719496 
21722096 
21726624 
21727616 
21727760 
21728528 
21731056 
21732800 
21735768 
21736984 
21737016 
21739184 
21740088 
21742880 
21744072 
21745472 
21746264 
21746336 
21746840 
21749000 
21752280 
21752584 
21754936 
21755032 
21755728 
21757888 
21758040 
21759120 
21759208 
21759464 
21760080 
21760488 
21763368 
21766864 
21769640 
21770960 
21770992 
21780288 
21780448 
21783104 
21786392 
21787864 
21789800 
21794280 
21796720 
21798040 
21801032 
21805408 
21807056 
21809912 
21809976 
21815328 
21819800 
21820984 
21821472 
21821880 
21828240 
21831880 
21833808 
21834944 
21837480 
21839744 
21841968 
21842360 
21842816 
21844184 
21845200 
21846720 
21854936 
21856880 
21858704 
21863152 
21874640 
21878064 
21879384 
21880264 
21882816 
21883536 
21884488 
21888312 
21889264 
21891176 
21893712 
21906392 
21906672 
21910600 
21911760 
21911896 
21912920 
21931296 
21954688 
21955656 
21962304 
21965096 
21967160 
21971136 
21975064 
21993640 
21997712 
22016848 
22031000 
22049512 
22051216 
22084872 
22093592 
22099080 
22127648 
22217528 
22269352 
22289176 
22304504 
22349312 
22372040 
22476976 
22487472 
22497168 
22562808 
22576880 
22795160 
22890616 
22921696 
22975408 
23133824 
23163576 
23213176 
23244312 
23301008 
23329208 
23350872 
23454568 
23478648 
23603200 
23647112 
23660416 
23686904 
23744672 
23994816 
24165312 
24178536 
24195312 
24469248 
24554976 
24704936 
24926600 
25065480 
25205224 
25377552 
25433472 
25520576 
25536056 
25630976 
25704288 
25706384 
25838992 
25878296 
25944312 
26020104 
26067384 
26088872 
26146728 
26190368 
26298576 
26399208 
26558584 
26692776 
26756248 
26783264 
27064904 
27098832 
27125896 
27215040 
27228720 
27241456 
27338520 
27347432 
27408376 
27440376 
27444192 
27459872 
27576752 
27655000 
27728880 
27994640 
28046728 
28733824 
