21603232 
21628464 
21637288 
21647184 
21660160 
21663648 
21664944 
21667000 
21667096 
21667648 
21668832 
21671856 
21672704 
21676608 
21677112 
21677184 
21679080 
21681376 
21687512 
21687560 
21690128 
21691616 
21693272 
21695296 
21695992 
21697640 
21697912 
21699520 
21700536 
21703840 
21704008 
21704400 
21705200 
21705608 
21705888 
21706528 
21706848 
21706888 
21707096 
21709200 
21711168 
21711200 
21712296 
21712392 
21712608 
21713968 
21714824 
21714888 
21715544 
21715952 
21716360 
21716680 
21717824 
21719240 
21719304 
21720624 
21720688 
21720936 
21721136 
21722096 
21722360 
21722800 
21722992 
21723336 
21723400 
21723968 
21724080 
21724200 
21724720 
21725264 
21727488 
21728600 
21730128 
21732832 
21733056 
21733120 
21733208 
21733472 
21734056 
21734360 
21734456 
21734488 
21734752 
21735264 
21735440 
21736192 
21736240 
21736568 
21736672 
21737536 
21737936 
21739288 
21739648 
21739688 
21739928 
21740248 
21740448 
21741152 
21741352 
21741424 
21741520 
21742264 
21742704 
21743040 
21744800 
21745000 
21745016 
21745424 
21745784 
21745864 
21746512 
21746952 
21747168 
21747888 
21749480 
21750056 
21750272 
21750280 
21750328 
21751448 
21751768 
21752168 
21752656 
21752720 
21752744 
21752928 
21753616 
21753640 
21753904 
21754048 
21754968 
21756088 
21756224 
21756304 
21756712 
21757176 
21757904 
21758096 
21758104 
21758264 
21758720 
21759960 
21760312 
21760568 
21760608 
21760912 
21761440 
21761712 
21761864 
21761936 
21761976 
21762040 
21762240 
21763112 
21763240 
21763552 
21763672 
21763936 
21764176 
21764360 
21764952 
21765112 
21765216 
21765248 
21765496 
21766696 
21766984 
21767176 
21767424 
21767952 
21768096 
21768224 
21768560 
21768616 
21769136 
21769344 
21769912 
21770984 
21771160 
21771784 
21772552 
21772880 
21773472 
21773616 
21773760 
21774288 
21774784 
21775520 
21775560 
21775600 
21775832 
21776032 
21776520 
21776616 
21777248 
21777288 
21777656 
21777824 
21777840 
21777840 
21777856 
21777944 
21778208 
21778808 
21779208 
21779632 
21779704 
21779848 
21779912 
21780240 
21780328 
21780368 
21780536 
21780664 
21781256 
21781632 
21782232 
21784112 
21784680 
21784968 
21785040 
21786120 
21786224 
21787608 
21788504 
21789016 
21789424 
21789872 
21790000 
21790072 
21790272 
21791928 
21791968 
21792368 
21792520 
21792760 
21792800 
21793296 
21793768 
21793880 
21793896 
21794368 
21795096 
21795288 
21795376 
21795528 
21796832 
21797424 
21797712 
21797776 
21798160 
21798376 
21798464 
21799168 
21799328 
21799384 
21800032 
21800216 
21800536 
21800648 
21800768 
21801216 
21801248 
21801616 
21801648 
21802280 
21802304 
21802768 
21802856 
21802984 
21803416 
21803544 
21804048 
21804296 
21804808 
21805488 
21805552 
21806144 
21806240 
21806640 
21806704 
21807320 
21807384 
21808024 
21808200 
21810520 
21811024 
21811024 
21811144 
21811424 
21812848 
21813448 
21813672 
21813864 
21813888 
21814064 
21814576 
21814848 
21815016 
21815208 
21815232 
21815928 
21816504 
21816592 
21817096 
21817368 
21817632 
21817704 
21817824 
21817824 
21818880 
21818992 
21819024 
21819024 
21819336 
21820240 
21821544 
21821968 
21822312 
21823320 
21823608 
21824176 
21824576 
21824824 
21825280 
21825280 
21825664 
21825944 
21826272 
21826440 
21826512 
21826624 
21826720 
21826760 
21826896 
21827248 
21827312 
21827368 
21827968 
21828064 
21828168 
21828440 
21828544 
21828560 
21828768 
21829144 
21829672 
21830360 
21830680 
21830712 
21830840 
21831976 
21832632 
21832848 
21833016 
21833912 
21833984 
21834232 
21834960 
21835016 
21835808 
21835888 
21836176 
21836256 
21836368 
21837848 
21838176 
21838408 
21838896 
21839024 
21839408 
21839600 
21840912 
21841688 
21841696 
21842376 
21842504 
21842512 
21842840 
21843080 
21843392 
21843488 
21843848 
21843864 
21844056 
21844192 
21844200 
21844560 
21845032 
21845704 
21846080 
21846192 
21846208 
21846328 
21846816 
21847056 
21847864 
21848368 
21848544 
21848968 
21849920 
21850152 
21850304 
21850744 
21850752 
21851264 
21851640 
21851680 
21851816 
21853000 
21853224 
21853512 
21853952 
21854040 
21854448 
21855336 
21855832 
21856112 
21856232 
21856408 
21856816 
21857336 
21857360 
21857656 
21857672 
21858304 
21858584 
21858696 
21858712 
21859120 
21860568 
21860632 
21860696 
21861264 
21862312 
21862424 
21862808 
21862864 
21862880 
21863192 
21863200 
21863400 
21864544 
21865120 
21865272 
21865936 
21866152 
21866336 
21867872 
21867904 
21868624 
21868960 
21869048 
21869280 
21869568 
21869648 
21869680 
21870016 
21870296 
21871160 
21871184 
21871480 
21871520 
21871616 
21873136 
21873408 
21873736 
21874040 
21874136 
21874200 
21874496 
21875736 
21876008 
21876712 
21877112 
21877304 
21877856 
21878192 
21878384 
21879168 
21879272 
21879400 
21879544 
21879720 
21879856 
21879936 
21879976 
21880488 
21880592 
21881056 
21881112 
21881368 
21881768 
21881792 
21881904 
21882536 
21882656 
21883320 
21883360 
21883704 
21884200 
21884368 
21884504 
21885392 
21885696 
21886264 
21886952 
21887176 
21887376 
21887440 
21887688 
21887744 
21889152 
21889168 
21889696 
21889752 
21889944 
21890712 
21891848 
21892144 
21892352 
21892560 
21893208 
21893368 
21893608 
21895024 
21895304 
21896088 
21896104 
21896296 
21897032 
21897192 
21898208 
21898360 
21898408 
21898544 
21899448 
21899848 
21899880 
21900152 
21900384 
21900600 
21901528 
21901616 
21903448 
21904608 
21904704 
21905416 
21905488 
21906552 
21907416 
21907904 
21908216 
21908776 
21908880 
21909576 
21909608 
21910008 
21910016 
21910048 
21910144 
21910744 
21913256 
21913336 
21913720 
21913872 
21914328 
21915256 
21915280 
21915304 
21915944 
21916880 
21917328 
21918448 
21918912 
21919328 
21919640 
21919808 
21919992 
21920128 
21920576 
21920744 
21920872 
21921384 
21921552 
21921680 
21922240 
21922816 
21923160 
21924952 
21925304 
21925352 
21925440 
21926504 
21926600 
21927424 
21927752 
21928960 
21929016 
21929040 
21929312 
21929768 
21930968 
21931536 
21932424 
21933000 
21933824 
21934232 
21934560 
21934712 
21935072 
21936128 
21936192 
21936800 
21937656 
21938960 
21938984 
21939104 
21939248 
21939384 
21939528 
21939760 
21940344 
21940920 
21940984 
21941008 
21942280 
21942632 
21942704 
21942800 
21943128 
21944480 
21945064 
21945824 
21946688 
21948008 
21948488 
21949216 
21949512 
21949616 
21949696 
21950880 
21951112 
21951952 
21952552 
21954360 
21955048 
21955192 
21955416 
21955664 
21956296 
21956344 
21957264 
21957568 
21958672 
21959632 
21960096 
21960736 
21961640 
21963768 
21964528 
21965304 
21965600 
21966472 
21966696 
21967080 
21967688 
21967848 
21967960 
21968008 
21968088 
21970416 
21971184 
21971672 
21971904 
21972712 
21973176 
21974984 
21975032 
21976032 
21976896 
21977184 
21977984 
21978040 
21978256 
21978352 
21978736 
21979360 
21979896 
21980240 
21981224 
21983752 
21985392 
21987752 
21988336 
21988888 
21989720 
21990280 
21991184 
21991864 
21991936 
21992368 
21993168 
21995016 
21996384 
21997288 
21998432 
21998984 
21999504 
22000440 
22000728 
22000952 
22001320 
22002552 
22004304 
22004888 
22005320 
22008296 
22008392 
22010016 
22012024 
22013016 
22013224 
22013240 
22013608 
22015400 
22017040 
22018824 
22019280 
22019456 
22020408 
22021472 
22025352 
22025800 
22026424 
22026856 
22027648 
22029064 
22029240 
22029992 
22031240 
22031352 
22031592 
22033992 
22034328 
22035320 
22035408 
22039256 
22039640 
22039888 
22040160 
22042504 
22043336 
22043808 
22046408 
22047728 
22049624 
22050000 
22051856 
22052416 
22052704 
22054344 
22055000 
22055008 
22058000 
22058072 
22058176 
22058264 
22058560 
22059784 
22060816 
22061360 
22062384 
22063512 
22064088 
22065024 
22065224 
22065456 
22066048 
22068448 
22068536 
22069480 
22070032 
22070488 
22075080 
22075864 
22076104 
22080432 
22082104 
22083992 
22088112 
22089736 
22091416 
22092640 
22092696 
22092744 
22094952 
22095592 
22095840 
22095872 
22096360 
22097304 
22098784 
22098808 
22099072 
22099832 
22100024 
22101592 
22103280 
22104776 
22105336 
22105496 
22106616 
22106688 
22107248 
22109176 
22109376 
22109800 
22111536 
22115960 
22116296 
22118192 
22118832 
22121240 
22122000 
22122008 
22122984 
22124592 
22125056 
22126280 
22126928 
22127984 
22129744 
22129824 
22133480 
22133960 
22135920 
22136360 
22136664 
22138888 
22139552 
22139664 
22143152 
22144416 
22144448 
22146352 
22147304 
22147464 
22149688 
22149944 
22151056 
22151392 
22152080 
22152128 
22153064 
22154312 
22155456 
22158552 
22161760 
22162600 
22162896 
22168048 
22169424 
22170600 
22178480 
22179816 
22180984 
22181160 
22183568 
22184464 
22185968 
22186440 
22186552 
22192864 
22197448 
22200560 
22200936 
22208208 
22208280 
22208584 
22211472 
22217840 
22219928 
22224592 
22229216 
22234864 
22240136 
22242656 
22249576 
22254896 
22264952 
22265792 
22269352 
22280064 
22289592 
22290168 
22296488 
22305280 
22314568 
22326496 
22328744 
22334624 
22337736 
22361680 
22372056 
22375968 
22382352 
22390312 
22393792 
22401560 
22422064 
22440712 
22452448 
22477216 
22479872 
22501032 
22535048 
22560736 
22561152 
22562544 
22581216 
22597544 
22630808 
22638208 
22650280 
22650712 
22677792 
22684488 
22715016 
22730152 
22731192 
22750848 
22768304 
22850968 
22852160 
22865152 
22873328 
22897608 
22898600 
23004608 
23053200 
23062168 
23117440 
23163928 
23219816 
23284096 
23289112 
23386288 
23397784 
23415544 
23530656 
23561456 
23570584 
23573360 
23633048 
23666288 
23764736 
23856488 
23876552 
23987384 
24035936 
24062144 
24121792 
24232512 
24279368 
24861672 
24901840 
24970920 
24983760 
25107640 
25139824 
25208416 
25364672 
25582240 
25845472 
25878312 
26041760 
26073408 
26195360 
26818976 
26879152 
26911384 
26953096 
27058040 
27739360 
27851056 
27858056 
27885568 
27928008 
27935768 
27970144 
27977792 
27990752 
27990808 
28012880 
28037160 
28050824 
28140576 
28347456 
28453056 
