21152312 
21158752 
21162920 
21180128 
21186768 
21188952 
21193336 
21194008 
21200184 
21208208 
21209928 
21210672 
21212656 
21214840 
21215840 
21217144 
21219080 
21219344 
21221744 
21221816 
21223136 
21224072 
21227080 
21229104 
21229392 
21229448 
21230144 
21230896 
21231880 
21231904 
21232280 
21232656 
21232688 
21233784 
21235608 
21236392 
21236776 
21236984 
21238832 
21239024 
21239968 
21240888 
21243216 
21245000 
21245168 
21245728 
21248232 
21248768 
21249112 
21249128 
21249504 
21249608 
21250296 
21251968 
21251976 
21253784 
21254744 
21255496 
21255704 
21256488 
21256728 
21257112 
21257720 
21257872 
21258680 
21259400 
21259456 
21259512 
21259576 
21260256 
21260640 
21261528 
21262144 
21262416 
21262472 
21262512 
21262592 
21263200 
21263304 
21263312 
21263800 
21263864 
21264624 
21265440 
21266120 
21266256 
21266360 
21267424 
21267552 
21267960 
21268248 
21268448 
21268488 
21268792 
21270128 
21270760 
21270792 
21271264 
21271360 
21271504 
21271896 
21272664 
21272872 
21273136 
21273312 
21273696 
21274264 
21274312 
21275752 
21276008 
21276336 
21276360 
21276528 
21279864 
21280312 
21280552 
21280560 
21280704 
21280936 
21281048 
21281232 
21281312 
21281536 
21281888 
21281904 
21282016 
21282096 
21282456 
21282944 
21283008 
21283080 
21283424 
21283896 
21284312 
21285192 
21285488 
21286264 
21286296 
21286824 
21286856 
21287056 
21287296 
21288288 
21290072 
21291128 
21291232 
21291280 
21291440 
21291552 
21291704 
21292288 
21293040 
21293264 
21293272 
21293688 
21293696 
21294216 
21294616 
21294680 
21294896 
21295056 
21295088 
21295312 
21295552 
21295592 
21295648 
21296112 
21296392 
21296448 
21297368 
21297896 
21298096 
21298592 
21299872 
21299888 
21299896 
21299928 
21300056 
21300144 
21300384 
21300400 
21300680 
21300712 
21300728 
21300920 
21300960 
21301144 
21301472 
21301856 
21302160 
21302328 
21302512 
21302576 
21303072 
21303552 
21303632 
21303680 
21304256 
21304552 
21304632 
21305168 
21305592 
21305840 
21305944 
21305968 
21306064 
21306640 
21306648 
21307560 
21307712 
21308480 
21309128 
21309192 
21309400 
21309896 
21310712 
21311024 
21311136 
21311320 
21311432 
21311800 
21311944 
21312648 
21312752 
21312792 
21313016 
21313992 
21314208 
21314464 
21314544 
21314888 
21314936 
21315024 
21315248 
21315976 
21316064 
21316304 
21316376 
21316904 
21317752 
21317768 
21317776 
21318320 
21318960 
21319144 
21319512 
21319592 
21319824 
21320008 
21320320 
21320424 
21320520 
21320696 
21320912 
21321064 
21321368 
21321456 
21321512 
21321608 
21321640 
21321880 
21321976 
21322224 
21322288 
21322464 
21322520 
21323032 
21323400 
21323440 
21324008 
21324024 
21324832 
21324992 
21325480 
21325656 
21325832 
21325832 
21326336 
21326888 
21327032 
21327096 
21327352 
21327464 
21327584 
21327616 
21329936 
21329976 
21330048 
21330344 
21330848 
21330912 
21330984 
21331176 
21331288 
21331592 
21331656 
21331888 
21331896 
21333240 
21333912 
21334336 
21334400 
21334712 
21335624 
21336328 
21336344 
21336528 
21337400 
21337488 
21337872 
21337928 
21338344 
21338728 
21339312 
21339656 
21340072 
21340088 
21341560 
21341648 
21342208 
21342672 
21343776 
21343856 
21343936 
21344128 
21345688 
21345808 
21346520 
21346872 
21347096 
21347576 
21347608 
21347696 
21347880 
21348360 
21350824 
21351064 
21351440 
21351984 
21352008 
21352496 
21352496 
21353376 
21353568 
21353680 
21353928 
21354096 
21354520 
21354568 
21355072 
21355248 
21355464 
21355568 
21355776 
21356360 
21356648 
21356824 
21356832 
21356944 
21357456 
21357760 
21357928 
21358280 
21358456 
21358632 
21358776 
21358856 
21360016 
21360544 
21361224 
21361280 
21362344 
21362392 
21362824 
21363464 
21363528 
21363560 
21363760 
21363904 
21364080 
21364448 
21364528 
21365424 
21366224 
21367368 
21367656 
21368432 
21369184 
21369320 
21369672 
21370272 
21370424 
21371000 
21371472 
21371896 
21372208 
21372856 
21373248 
21373344 
21373992 
21374824 
21374984 
21375040 
21375224 
21375432 
21376096 
21376160 
21376320 
21376432 
21377176 
21377688 
21377688 
21377896 
21378016 
21378432 
21378440 
21378520 
21379112 
21379296 
21380128 
21380176 
21381104 
21381104 
21382216 
21383000 
21383464 
21383504 
21383904 
21383928 
21383992 
21384568 
21385576 
21385712 
21386072 
21386288 
21386816 
21386880 
21387016 
21387040 
21387496 
21387688 
21388928 
21389128 
21389464 
21390152 
21390376 
21390432 
21390440 
21390896 
21391168 
21391384 
21391688 
21391744 
21391984 
21392176 
21392264 
21393176 
21393224 
21393544 
21393712 
21393856 
21394552 
21394584 
21394584 
21394600 
21394632 
21394744 
21394832 
21395344 
21395536 
21395816 
21395976 
21396080 
21396280 
21396728 
21397064 
21397184 
21397392 
21398200 
21398456 
21398792 
21399096 
21399368 
21399440 
21399544 
21399696 
21399976 
21400168 
21400488 
21400512 
21401368 
21401464 
21401552 
21401592 
21401736 
21401824 
21402432 
21402728 
21403072 
21403696 
21403840 
21404464 
21404624 
21404872 
21405040 
21405088 
21405616 
21407144 
21408424 
21409120 
21409144 
21409712 
21410224 
21410528 
21410848 
21411080 
21411872 
21411952 
21411976 
21413112 
21413176 
21413416 
21413416 
21413584 
21413760 
21414160 
21414216 
21414704 
21414856 
21415848 
21416112 
21416240 
21416432 
21416568 
21417344 
21417592 
21417648 
21418112 
21418584 
21418704 
21418848 
21419112 
21419456 
21419848 
21420024 
21421472 
21421536 
21421960 
21423576 
21423800 
21424512 
21424584 
21425264 
21425352 
21425824 
21426312 
21426520 
21426856 
21427928 
21428176 
21428200 
21429040 
21429336 
21429504 
21429616 
21430112 
21430336 
21431040 
21431120 
21431128 
21431136 
21431160 
21431984 
21432680 
21433424 
21434144 
21434176 
21434248 
21435552 
21436064 
21437560 
21438016 
21438216 
21438488 
21439080 
21439144 
21439584 
21439952 
21440016 
21440184 
21440592 
21441600 
21441824 
21442048 
21442912 
21443088 
21443176 
21443272 
21443864 
21444032 
21444200 
21445944 
21446568 
21447000 
21447472 
21447720 
21448560 
21448744 
21449392 
21450424 
21450592 
21450856 
21451128 
21451224 
21451776 
21451808 
21452448 
21452584 
21453416 
21453424 
21453848 
21454072 
21454512 
21454752 
21454928 
21455576 
21455768 
21455912 
21455944 
21456120 
21456272 
21456280 
21456584 
21456760 
21457024 
21457608 
21457760 
21458112 
21459232 
21460216 
21460632 
21461640 
21462040 
21462064 
21462160 
21462608 
21465704 
21466256 
21466432 
21467256 
21467792 
21468936 
21469552 
21469784 
21470496 
21470664 
21471240 
21471408 
21472232 
21472824 
21472976 
21473432 
21474744 
21475360 
21476512 
21480464 
21480752 
21481776 
21482160 
21482896 
21482984 
21483264 
21483672 
21483776 
21483944 
21484336 
21484584 
21484920 
21485272 
21485424 
21485624 
21485632 
21485720 
21486200 
21486408 
21487472 
21487784 
21488728 
21489056 
21489664 
21489664 
21489688 
21489752 
21491184 
21491448 
21492176 
21494216 
21494456 
21495520 
21495856 
21495920 
21495944 
21495952 
21496688 
21497144 
21497192 
21497400 
21497760 
21499608 
21502392 
21502416 
21502992 
21503312 
21504056 
21504272 
21504648 
21504880 
21505672 
21506104 
21509096 
21509328 
21509736 
21509800 
21510160 
21511024 
21512536 
21513696 
21513976 
21514352 
21514864 
21515312 
21516440 
21517464 
21518824 
21520128 
21523648 
21523800 
21523864 
21524448 
21525992 
21527824 
21528336 
21528552 
21529840 
21530304 
21530784 
21531856 
21532208 
21532560 
21532624 
21532672 
21533312 
21539704 
21543112 
21543688 
21543688 
21543800 
21544040 
21544712 
21544864 
21544888 
21545600 
21547800 
21548816 
21550136 
21551680 
21551872 
21552160 
21552464 
21552504 
21556336 
21556432 
21556488 
21558600 
21561496 
21561912 
21562768 
21563704 
21564120 
21564328 
21564504 
21565824 
21565832 
21567528 
21567744 
21568400 
21568512 
21568840 
21569472 
21570072 
21572680 
21574728 
21575240 
21576248 
21578360 
21578640 
21579448 
21579664 
21583448 
21584928 
21584960 
21584968 
21585408 
21585904 
21585928 
21586080 
21586312 
21586680 
21589136 
21589952 
21590816 
21593520 
21593744 
21593960 
21597280 
21598656 
21603128 
21606456 
21608184 
21608704 
21609296 
21609640 
21610424 
21611688 
21613112 
21613288 
21613576 
21614536 
21615368 
21615480 
21620856 
21623952 
21624632 
21625160 
21626272 
21626688 
21626784 
21626800 
21627544 
21629400 
21632040 
21632488 
21633992 
21634744 
21636096 
21636480 
21638216 
21643848 
21647336 
21650296 
21650360 
21654496 
21656344 
21656800 
21658816 
21664352 
21670504 
21677816 
21688032 
21688424 
21688968 
21693128 
21693424 
21694112 
21710648 
21711152 
21712688 
21715568 
21718680 
21722264 
21727536 
21728840 
21728904 
21729184 
21733784 
21737624 
21740512 
21741328 
21745096 
21758048 
21758432 
21763176 
21768392 
21772752 
21773208 
21778088 
21783136 
21786296 
21791224 
21798464 
21798808 
21803776 
21821840 
21824920 
21825824 
21832072 
21845824 
21848824 
21854824 
21855720 
21861888 
21867648 
21888080 
21895456 
21897704 
21902600 
21904368 
21906200 
21918416 
21923376 
21934400 
21939824 
21956504 
21972408 
21986632 
21993440 
21994352 
22029120 
22032520 
22035688 
22056120 
22060760 
22067160 
22067760 
22115448 
22135144 
22152704 
22191408 
22277592 
22300688 
22351656 
22399040 
22403072 
22404584 
22412088 
22414440 
22428712 
22516344 
22548104 
22684072 
22716088 
22851840 
22883352 
22940040 
22966128 
23015600 
23077888 
23157368 
23335584 
23449448 
23494168 
23531200 
23591848 
23716952 
23750904 
23936424 
24050960 
24364992 
24444496 
24720392 
24774304 
24847456 
24897312 
25264080 
25294096 
25342880 
25446760 
25586088 
25823400 
25902040 
25925472 
26118688 
26125752 
26239848 
26263944 
26288472 
26322096 
26325024 
26336816 
26432984 
26438928 
26666760 
26823920 
26851904 
27021080 
27028400 
27123672 
27133304 
27160280 
27183320 
27283568 
27384176 
27384296 
27389104 
27390344 
27403888 
27427672 
27466496 
27575240 
29963544 
