21301824 
21330832 
21335048 
21352088 
21353920 
21355728 
21358960 
21361552 
21363160 
21364744 
21367760 
21375336 
21376888 
21378064 
21379064 
21380352 
21384624 
21385392 
21385744 
21388648 
21388712 
21388760 
21389472 
21390848 
21390856 
21391216 
21392400 
21395792 
21396176 
21396280 
21396416 
21396592 
21396856 
21397136 
21398176 
21401784 
21401920 
21404448 
21405104 
21405408 
21405688 
21407496 
21410216 
21411144 
21412064 
21412168 
21412984 
21413648 
21414720 
21414856 
21414904 
21415400 
21416064 
21416296 
21416592 
21416776 
21416792 
21417920 
21418384 
21419008 
21419304 
21419416 
21420472 
21420664 
21422904 
21423040 
21423288 
21423960 
21424848 
21425224 
21426088 
21426760 
21426832 
21427528 
21427808 
21427880 
21428136 
21428336 
21428592 
21429480 
21430208 
21430232 
21430960 
21431256 
21432744 
21432936 
21433016 
21433616 
21434400 
21436256 
21436624 
21436832 
21437120 
21437880 
21438344 
21438408 
21438440 
21438592 
21439144 
21439672 
21440112 
21440192 
21440456 
21440504 
21440688 
21441160 
21441248 
21442040 
21442064 
21442696 
21443000 
21443128 
21443128 
21445096 
21445768 
21445856 
21446888 
21447864 
21448272 
21448336 
21448544 
21450208 
21450272 
21450624 
21450664 
21451248 
21451296 
21451576 
21451608 
21451792 
21452392 
21452440 
21452632 
21452856 
21453064 
21453488 
21453680 
21453872 
21454424 
21454456 
21455240 
21455608 
21455744 
21456776 
21457832 
21458168 
21458696 
21458776 
21459128 
21459208 
21459208 
21459216 
21459256 
21460560 
21460984 
21462368 
21462424 
21463384 
21463456 
21463808 
21464184 
21465032 
21465264 
21465840 
21466160 
21466936 
21466944 
21467032 
21467768 
21468120 
21468312 
21468400 
21468760 
21469536 
21469752 
21469920 
21469952 
21470248 
21470424 
21470544 
21470896 
21470904 
21471712 
21472424 
21473560 
21473960 
21474056 
21474136 
21474344 
21474792 
21474904 
21475072 
21475848 
21476128 
21476472 
21476632 
21476680 
21476944 
21477008 
21477360 
21477568 
21477816 
21478152 
21478672 
21478688 
21478792 
21478936 
21479776 
21479784 
21480296 
21481096 
21481248 
21482368 
21483256 
21483696 
21483928 
21484240 
21484632 
21484776 
21484944 
21485240 
21485616 
21486168 
21486240 
21486296 
21486592 
21486600 
21487184 
21487464 
21487584 
21487744 
21487776 
21487856 
21487912 
21488056 
21488672 
21488768 
21488856 
21489024 
21489680 
21490008 
21490216 
21490440 
21490960 
21491112 
21491136 
21492880 
21493048 
21493120 
21493480 
21493488 
21493888 
21494280 
21494464 
21494752 
21494792 
21494880 
21494936 
21495112 
21495344 
21495976 
21496232 
21496400 
21496408 
21496528 
21496600 
21496760 
21497264 
21497456 
21497624 
21497704 
21498912 
21499536 
21499888 
21500056 
21500312 
21500840 
21501120 
21501440 
21502376 
21502624 
21502792 
21502984 
21503816 
21504160 
21504888 
21505784 
21505864 
21506312 
21506784 
21507712 
21508000 
21508304 
21508384 
21508624 
21509000 
21509800 
21509872 
21510536 
21511512 
21511560 
21512064 
21512640 
21513152 
21513344 
21513544 
21513640 
21513848 
21514152 
21514240 
21514272 
21514720 
21514728 
21514936 
21515960 
21517040 
21517056 
21517416 
21517608 
21517728 
21517800 
21517824 
21518512 
21518512 
21518704 
21518832 
21518880 
21518960 
21518992 
21519352 
21520344 
21521024 
21521424 
21521680 
21522952 
21523184 
21523688 
21523848 
21524712 
21524848 
21524872 
21525064 
21525304 
21526008 
21526368 
21526800 
21526816 
21527152 
21527256 
21528160 
21528448 
21528544 
21528584 
21529344 
21529560 
21530272 
21530600 
21530752 
21531424 
21532088 
21532296 
21533232 
21533584 
21533624 
21534440 
21534488 
21534536 
21534632 
21535560 
21536384 
21537184 
21537304 
21537320 
21537432 
21537688 
21537728 
21538280 
21538320 
21538512 
21538808 
21538872 
21538952 
21539256 
21539776 
21539856 
21540064 
21540320 
21540768 
21541992 
21542224 
21542304 
21543680 
21543888 
21544384 
21545256 
21545544 
21546800 
21546840 
21547016 
21547216 
21547320 
21547992 
21548024 
21548240 
21548320 
21548328 
21549272 
21550256 
21550368 
21550624 
21551008 
21551904 
21552984 
21553072 
21553528 
21554280 
21554664 
21554936 
21554952 
21555024 
21555208 
21555872 
21557184 
21557496 
21557616 
21557624 
21557640 
21558008 
21558192 
21558336 
21558400 
21558632 
21558832 
21558912 
21558928 
21559184 
21559304 
21559392 
21559560 
21560856 
21561752 
21562168 
21562232 
21562720 
21562816 
21563104 
21563528 
21563768 
21564064 
21564336 
21564888 
21565128 
21565400 
21565448 
21565664 
21565680 
21566808 
21566888 
21567128 
21567680 
21569128 
21569600 
21570016 
21570096 
21570968 
21571168 
21571312 
21571824 
21571880 
21572144 
21572184 
21572384 
21572576 
21573216 
21574408 
21574568 
21576144 
21576336 
21576744 
21576864 
21576888 
21577072 
21577192 
21578104 
21578744 
21579488 
21580504 
21580536 
21581080 
21581696 
21581960 
21581976 
21582800 
21582816 
21582904 
21583480 
21583528 
21584216 
21584672 
21585744 
21585856 
21586040 
21587320 
21587808 
21587816 
21588520 
21588712 
21589384 
21589528 
21589792 
21589936 
21589992 
21590016 
21590672 
21591552 
21591648 
21591664 
21593144 
21593504 
21595504 
21595592 
21595840 
21595976 
21595992 
21596328 
21598024 
21598088 
21598624 
21598744 
21600264 
21600584 
21601720 
21602032 
21602152 
21602168 
21602584 
21602992 
21603448 
21603536 
21604336 
21604360 
21604440 
21604648 
21605232 
21605568 
21606120 
21606216 
21606368 
21606424 
21606888 
21606992 
21607248 
21607256 
21607272 
21607408 
21607720 
21607728 
21608392 
21608632 
21608656 
21609112 
21609648 
21609728 
21610608 
21610792 
21611144 
21611680 
21611736 
21611880 
21612072 
21612696 
21613120 
21613384 
21613608 
21614464 
21615120 
21615736 
21615808 
21616336 
21616664 
21618080 
21618952 
21620056 
21620512 
21620752 
21621024 
21621048 
21621288 
21621432 
21621856 
21622120 
21622128 
21622704 
21623624 
21624104 
21624440 
21624552 
21626136 
21626864 
21627256 
21627368 
21628912 
21629016 
21629144 
21629368 
21629720 
21631472 
21633336 
21633848 
21634232 
21634264 
21634696 
21634864 
21635608 
21636176 
21636448 
21636848 
21636976 
21638680 
21639464 
21639512 
21640784 
21640848 
21642384 
21642976 
21643096 
21644960 
21645320 
21645952 
21646528 
21647144 
21647288 
21647288 
21647672 
21647752 
21648256 
21648344 
21648864 
21650176 
21651096 
21651584 
21651952 
21652080 
21652232 
21653824 
21653872 
21653888 
21653912 
21654048 
21654192 
21656136 
21656152 
21657344 
21657400 
21657632 
21658488 
21658536 
21659584 
21659832 
21660600 
21662448 
21664944 
21665184 
21665960 
21666120 
21666136 
21666392 
21666640 
21666712 
21666816 
21666856 
21666968 
21667032 
21670144 
21673176 
21673184 
21673528 
21676040 
21676480 
21676536 
21676872 
21677000 
21679272 
21680784 
21681360 
21681672 
21682160 
21684032 
21684376 
21684456 
21684528 
21684912 
21685840 
21686088 
21686560 
21686960 
21687392 
21687816 
21688656 
21689712 
21689888 
21690552 
21695104 
21696056 
21696448 
21696696 
21696960 
21700240 
21700912 
21701256 
21701360 
21701976 
21705016 
21705344 
21705592 
21705624 
21706224 
21706472 
21706608 
21706624 
21707488 
21709208 
21709584 
21709592 
21710408 
21711848 
21712568 
21713872 
21714640 
21715208 
21716128 
21716312 
21716320 
21716720 
21716736 
21717888 
21717920 
21718240 
21718496 
21719240 
21719272 
21719856 
21720392 
21720776 
21722640 
21722800 
21723032 
21723944 
21725208 
21725560 
21727464 
21727640 
21727816 
21727928 
21728048 
21728456 
21728760 
21728896 
21729080 
21730272 
21730504 
21730832 
21732120 
21732576 
21732704 
21732896 
21733008 
21734168 
21734736 
21735016 
21735880 
21736248 
21736696 
21737472 
21738496 
21738824 
21740904 
21742320 
21742624 
21743888 
21745328 
21746144 
21748432 
21748616 
21748992 
21749424 
21749640 
21749992 
21753080 
21753608 
21755496 
21755648 
21757496 
21757512 
21759360 
21760336 
21760888 
21761048 
21761592 
21761688 
21761688 
21762808 
21763896 
21765512 
21765744 
21766320 
21766808 
21766856 
21772856 
21772976 
21775016 
21777168 
21777696 
21777760 
21778120 
21778120 
21780240 
21780304 
21781136 
21781328 
21785128 
21787944 
21788560 
21789080 
21789912 
21792536 
21793832 
21794312 
21794920 
21796448 
21798040 
21799416 
21805008 
21805632 
21806888 
21808600 
21809248 
21813688 
21815888 
21816368 
21821496 
21824192 
21825232 
21827000 
21827328 
21827504 
21830328 
21836296 
21839352 
21840656 
21842872 
21842984 
21843496 
21844160 
21844184 
21844328 
21845024 
21846208 
21848352 
21848976 
21850136 
21852056 
21852816 
21853224 
21855992 
21856032 
21856072 
21856776 
21857152 
21859160 
21861680 
21863424 
21868120 
21869888 
21870896 
21872568 
21872680 
21873912 
21875632 
21876200 
21876208 
21877480 
21880888 
21881544 
21881696 
21883672 
21883880 
21891952 
21898912 
21905632 
21912896 
21914496 
21915824 
21918352 
21921232 
21925008 
21927296 
21933280 
21934176 
21943384 
21948808 
21950800 
21952184 
21955928 
21961928 
21962168 
21962184 
21969112 
21971232 
21982416 
21988248 
21989792 
21993048 
21996392 
21998800 
22006216 
22006608 
22012408 
22032256 
22032480 
22050800 
22084088 
22088352 
22090240 
22090712 
22101552 
22142768 
22162504 
22205216 
22207976 
22218352 
22226184 
22247728 
22350368 
22364488 
22375264 
22433920 
22498216 
22546280 
22606840 
22648520 
22719288 
22719760 
22740488 
22767952 
22781984 
22792336 
22810776 
22857000 
22915352 
23005688 
23061840 
23090144 
23129376 
23139128 
23296024 
23345408 
23406248 
23448368 
23482504 
23956344 
24003440 
24028112 
24114080 
24326352 
24654760 
24695760 
24832456 
24873000 
25005648 
25119136 
25163456 
25518000 
25540296 
25560552 
25576776 
25587304 
25775768 
25913544 
26002376 
26085840 
26382224 
26538360 
26663808 
26868672 
26900744 
26925304 
27138328 
27315752 
27322600 
27403896 
27409944 
27421488 
27440576 
27455136 
27496232 
27521552 
27759240 
27820400 
27894512 
