21360896 
21370128 
21378136 
21381664 
21390040 
21395768 
21396040 
21398424 
21403464 
21407968 
21409216 
21412752 
21413296 
21414104 
21417144 
21417600 
21418944 
21419080 
21421024 
21421784 
21422648 
21423328 
21424224 
21424912 
21425248 
21425512 
21426792 
21426896 
21427160 
21428432 
21429728 
21429976 
21430392 
21432192 
21433776 
21434216 
21434688 
21435096 
21436464 
21437944 
21438192 
21438864 
21438888 
21439376 
21439928 
21440824 
21440976 
21442488 
21442760 
21443568 
21444456 
21444520 
21446368 
21446416 
21446432 
21446856 
21447008 
21447264 
21447880 
21448184 
21448592 
21450168 
21450296 
21450384 
21450512 
21450768 
21451296 
21451336 
21451488 
21451864 
21452064 
21453968 
21454856 
21455616 
21456232 
21456400 
21456424 
21456928 
21458096 
21459208 
21460208 
21460496 
21463072 
21463344 
21463464 
21463624 
21463816 
21464384 
21464456 
21465056 
21465064 
21465904 
21466336 
21466432 
21466656 
21466688 
21466928 
21467376 
21467480 
21467992 
21468016 
21468168 
21468224 
21468304 
21468336 
21468672 
21468968 
21469152 
21469288 
21469936 
21469936 
21470072 
21470376 
21470952 
21471016 
21471528 
21471568 
21472512 
21472848 
21473072 
21473272 
21473464 
21473720 
21473960 
21475384 
21475792 
21476088 
21476192 
21476512 
21476576 
21477312 
21477384 
21478120 
21478368 
21478408 
21478632 
21479032 
21479608 
21479712 
21479752 
21479864 
21479968 
21480256 
21480336 
21480848 
21481736 
21481760 
21481768 
21482312 
21482352 
21482704 
21483008 
21483152 
21483320 
21483576 
21483632 
21483680 
21483816 
21483888 
21484104 
21484448 
21484488 
21484816 
21485328 
21485688 
21485944 
21486304 
21487616 
21488328 
21488656 
21489080 
21489544 
21489696 
21490200 
21490480 
21490480 
21492280 
21492448 
21492456 
21492720 
21493056 
21493416 
21493616 
21493632 
21494136 
21494408 
21494712 
21494736 
21494976 
21494976 
21495200 
21495408 
21495440 
21495520 
21495808 
21495880 
21495976 
21496136 
21496440 
21496696 
21497072 
21497192 
21497208 
21497632 
21498072 
21498560 
21498568 
21499776 
21500544 
21500640 
21501168 
21501664 
21501680 
21501872 
21502376 
21503320 
21503712 
21503800 
21504016 
21505408 
21505520 
21505688 
21506304 
21507168 
21507224 
21507576 
21507712 
21508520 
21508560 
21508848 
21509184 
21509464 
21509520 
21509560 
21510192 
21510576 
21510664 
21511112 
21511152 
21511720 
21511928 
21512000 
21512704 
21512952 
21513344 
21513976 
21514080 
21514112 
21514304 
21514304 
21514800 
21515368 
21515504 
21515808 
21515904 
21516024 
21516232 
21516448 
21516520 
21517264 
21519120 
21519600 
21519808 
21520048 
21520184 
21520312 
21520376 
21521976 
21522240 
21522424 
21522704 
21523608 
21523640 
21523752 
21523976 
21524144 
21524632 
21524640 
21524656 
21525056 
21525208 
21525392 
21526240 
21526312 
21526568 
21527000 
21527056 
21528352 
21528512 
21529128 
21529312 
21530248 
21531032 
21531328 
21531432 
21531656 
21531992 
21532408 
21532512 
21532696 
21532904 
21532928 
21533016 
21533224 
21533272 
21533856 
21534560 
21535184 
21535352 
21535864 
21535944 
21536312 
21536368 
21536408 
21537360 
21537448 
21537448 
21538264 
21538744 
21538864 
21538960 
21539240 
21539304 
21540288 
21540344 
21541208 
21541568 
21543688 
21543712 
21544008 
21544008 
21544936 
21545712 
21545832 
21546360 
21546536 
21546600 
21546840 
21547184 
21547536 
21547784 
21548304 
21548872 
21549328 
21549368 
21549840 
21550192 
21550256 
21550512 
21551496 
21551720 
21551760 
21552512 
21553168 
21553408 
21553816 
21554184 
21554360 
21554496 
21554992 
21555112 
21555432 
21557136 
21557352 
21557944 
21558456 
21558520 
21558552 
21558816 
21559352 
21559512 
21560144 
21560264 
21560296 
21560736 
21560848 
21560856 
21560968 
21560968 
21561408 
21562624 
21563032 
21563968 
21564136 
21564328 
21564488 
21565112 
21565936 
21566080 
21566888 
21567472 
21568288 
21568744 
21569192 
21570088 
21570272 
21571456 
21571488 
21572272 
21572648 
21572680 
21573080 
21573128 
21573280 
21573568 
21573608 
21573760 
21573912 
21573952 
21573968 
21574912 
21575272 
21575648 
21576424 
21576696 
21576904 
21577104 
21577168 
21577256 
21577816 
21577952 
21578080 
21578392 
21578640 
21578768 
21578816 
21578840 
21579816 
21580112 
21580496 
21580536 
21581008 
21581096 
21581264 
21581704 
21582488 
21582688 
21583400 
21583632 
21585696 
21586120 
21587864 
21587992 
21588144 
21588696 
21588768 
21588768 
21589016 
21589800 
21590448 
21592144 
21592536 
21592640 
21592952 
21593528 
21593928 
21594504 
21595856 
21595968 
21596176 
21596320 
21596328 
21597056 
21597320 
21597424 
21597616 
21597656 
21597992 
21598176 
21598232 
21598312 
21598408 
21599264 
21599936 
21599944 
21600152 
21600208 
21600424 
21600576 
21601040 
21601048 
21601440 
21602568 
21602824 
21604400 
21605104 
21606072 
21606216 
21606304 
21606720 
21606936 
21606952 
21607088 
21607160 
21608144 
21608856 
21609128 
21609288 
21609584 
21609728 
21610048 
21610432 
21610560 
21610784 
21610952 
21611312 
21612480 
21612880 
21612904 
21613952 
21614560 
21616104 
21616264 
21617184 
21617184 
21619104 
21619568 
21619736 
21619848 
21620776 
21621472 
21621920 
21622120 
21622824 
21623224 
21624224 
21624328 
21625080 
21626080 
21626536 
21627664 
21628296 
21628488 
21629120 
21629680 
21629736 
21629904 
21630360 
21631408 
21632016 
21632664 
21632728 
21632824 
21633176 
21633232 
21633448 
21633856 
21634008 
21634304 
21634784 
21634936 
21635064 
21635768 
21636008 
21636184 
21636240 
21636352 
21637264 
21637280 
21637464 
21637776 
21638304 
21638552 
21639896 
21641568 
21642408 
21642968 
21643336 
21644736 
21646960 
21647760 
21648992 
21649088 
21649376 
21650000 
21651096 
21651560 
21651888 
21652112 
21652576 
21653128 
21653552 
21653592 
21656296 
21656784 
21656856 
21659440 
21659448 
21660832 
21661712 
21661912 
21662120 
21662336 
21662368 
21662920 
21663040 
21663088 
21663296 
21663600 
21665744 
21665896 
21666048 
21666048 
21666208 
21666488 
21667432 
21667920 
21668072 
21668112 
21668136 
21670752 
21670840 
21672400 
21672424 
21672680 
21672784 
21673152 
21673720 
21674368 
21674912 
21675192 
21675208 
21675696 
21675720 
21676160 
21677200 
21677576 
21678000 
21678352 
21679000 
21679208 
21680496 
21680648 
21681040 
21681136 
21681200 
21681312 
21681320 
21681368 
21682536 
21683672 
21683712 
21684208 
21684384 
21684424 
21686320 
21686640 
21686808 
21687848 
21688520 
21690792 
21691376 
21693104 
21693408 
21693824 
21694136 
21694392 
21695792 
21697424 
21697560 
21697680 
21697960 
21698152 
21698632 
21699344 
21700592 
21701032 
21702072 
21702184 
21702464 
21702664 
21702816 
21702928 
21703792 
21704928 
21705272 
21705848 
21708696 
21708792 
21709504 
21710496 
21710496 
21710648 
21711456 
21712632 
21712840 
21713352 
21713880 
21714200 
21714608 
21715232 
21715384 
21715784 
21716000 
21716280 
21716424 
21716648 
21719912 
21720624 
21720928 
21721304 
21721744 
21722280 
21722760 
21725088 
21725208 
21726080 
21727848 
21729416 
21729960 
21730104 
21730216 
21730792 
21732152 
21733136 
21733472 
21736624 
21736744 
21739808 
21740224 
21740304 
21740328 
21741264 
21741680 
21742232 
21743624 
21743872 
21745360 
21745752 
21746000 
21746736 
21746816 
21748208 
21749096 
21750512 
21756008 
21756120 
21756880 
21757888 
21758696 
21758752 
21758800 
21759160 
21759712 
21759984 
21760496 
21760552 
21760864 
21761216 
21761576 
21762224 
21762880 
21764384 
21767176 
21767704 
21768056 
21769160 
21769808 
21770192 
21770656 
21770968 
21771536 
21772904 
21773120 
21773520 
21776928 
21777072 
21777568 
21779456 
21779464 
21779712 
21781240 
21783568 
21786256 
21787424 
21788152 
21788440 
21788568 
21789728 
21789960 
21791976 
21793280 
21793368 
21795552 
21795712 
21797992 
21798752 
21799024 
21799472 
21799472 
21799888 
21800512 
21800776 
21802272 
21802584 
21803040 
21803200 
21803224 
21805384 
21806312 
21806448 
21806744 
21807512 
21807856 
21808016 
21808368 
21808568 
21810064 
21811248 
21811264 
21811592 
21815048 
21815280 
21815584 
21816000 
21818328 
21818384 
21820096 
21821536 
21821880 
21822096 
21827584 
21827872 
21828784 
21831368 
21833048 
21833584 
21833688 
21834128 
21835368 
21836880 
21837352 
21838336 
21840120 
21840504 
21844184 
21846088 
21850576 
21852256 
21852392 
21855216 
21855320 
21855744 
21856664 
21859304 
21861232 
21861304 
21865368 
21870560 
21871528 
21872000 
21872896 
21873816 
21875936 
21879872 
21880048 
21881104 
21882288 
21882440 
21883088 
21883744 
21885448 
21887072 
21890304 
21896216 
21896976 
21897856 
21898776 
21901520 
21904728 
21909392 
21910312 
21918824 
21919424 
21921784 
21922040 
21927992 
21930912 
21932352 
21934656 
21935240 
21940416 
21945624 
21951472 
21952808 
21964880 
21966840 
21974464 
21976208 
21979064 
21979584 
21984616 
21986128 
22010976 
22018520 
22022600 
22043136 
22052216 
22052720 
22058584 
22066376 
22079528 
22081720 
22129136 
22144424 
22149856 
22156840 
22159592 
22162712 
22174936 
22177624 
22188384 
22193032 
22196864 
22198600 
22201120 
22215576 
22234520 
22235848 
22259168 
22276296 
22300600 
22303096 
22305096 
22326384 
22338128 
22369280 
22393888 
22401824 
22424648 
22428464 
22431664 
22489272 
22504152 
22529496 
22533400 
22544672 
22582984 
22589072 
22710592 
22752400 
22811168 
22812776 
22859672 
22945112 
23138752 
23142176 
23225472 
23268968 
23295544 
23338256 
23353296 
23384760 
23417176 
23627016 
23643544 
23770288 
23770712 
23774512 
24012880 
24135960 
24250456 
24382832 
24418968 
24530216 
24667272 
24719304 
24893552 
24963624 
25114760 
25132880 
25315104 
25337048 
26019080 
26176256 
26302664 
26313608 
26521568 
26585376 
26633792 
26694768 
26849864 
26909392 
27053864 
27057392 
27222400 
27390976 
27431176 
27465224 
27485048 
27486824 
27508488 
27561136 
27602280 
27611024 
27697888 
27767312 
27913384 
27917256 
27965704 
