20159824 
21018432 
21062432 
21069128 
21069544 
21070040 
21073672 
21075288 
21094824 
21096576 
21099816 
21101672 
21104520 
21108032 
21108248 
21108920 
21109304 
21110776 
21114592 
21115024 
21115072 
21116976 
21119360 
21119944 
21120560 
21121936 
21121984 
21122432 
21123744 
21124608 
21125096 
21125392 
21125480 
21126512 
21126512 
21127760 
21128536 
21129320 
21129544 
21129928 
21129960 
21130032 
21130128 
21130720 
21130984 
21131816 
21131840 
21133088 
21133544 
21134408 
21135488 
21135728 
21137880 
21138312 
21139312 
21139536 
21139752 
21140056 
21140320 
21140568 
21141392 
21143176 
21143904 
21144392 
21145968 
21146000 
21146896 
21147040 
21147536 
21147912 
21148624 
21149376 
21149672 
21150272 
21151328 
21152048 
21152632 
21153184 
21153520 
21153608 
21153800 
21154136 
21154208 
21154960 
21155032 
21156360 
21156976 
21157232 
21157912 
21159536 
21160624 
21161816 
21162224 
21162288 
21162288 
21162608 
21162624 
21162824 
21164240 
21164424 
21164448 
21164664 
21164688 
21165648 
21165800 
21166232 
21166760 
21166808 
21166960 
21167720 
21167760 
21168208 
21168256 
21168648 
21168688 
21168696 
21168872 
21169168 
21170760 
21171384 
21171760 
21172152 
21172304 
21172352 
21172920 
21173312 
21173664 
21173736 
21174568 
21175264 
21175736 
21175752 
21176480 
21176576 
21176880 
21178176 
21178816 
21178912 
21179400 
21179896 
21180192 
21180528 
21180768 
21181144 
21181800 
21182272 
21182888 
21182992 
21183104 
21183480 
21184752 
21184760 
21185040 
21185208 
21185272 
21185856 
21186168 
21186272 
21186712 
21186736 
21186888 
21186936 
21187080 
21187184 
21187232 
21187288 
21187520 
21187712 
21187952 
21188328 
21188800 
21189088 
21189496 
21189680 
21189720 
21189864 
21190120 
21190208 
21190792 
21191096 
21191408 
21191632 
21191928 
21192136 
21192824 
21193120 
21193248 
21193480 
21193552 
21193808 
21193904 
21193952 
21194112 
21194824 
21195056 
21195448 
21195752 
21196296 
21196424 
21196832 
21196968 
21197608 
21197872 
21198168 
21198352 
21199232 
21199592 
21200496 
21201360 
21201696 
21202024 
21202336 
21202352 
21202512 
21202576 
21202656 
21202952 
21203472 
21203504 
21204280 
21204584 
21204840 
21205544 
21205648 
21206560 
21207016 
21207272 
21207336 
21207480 
21207624 
21208944 
21210072 
21210552 
21210584 
21210696 
21211344 
21211432 
21211696 
21211704 
21211840 
21211864 
21212064 
21212176 
21214504 
21214768 
21214840 
21216256 
21216264 
21216328 
21216656 
21217008 
21217016 
21218768 
21219352 
21219976 
21220472 
21220560 
21221024 
21221160 
21221432 
21221512 
21221536 
21221688 
21222920 
21223352 
21223832 
21223920 
21224496 
21224576 
21224776 
21224800 
21225992 
21226072 
21226464 
21226480 
21226608 
21226792 
21227216 
21227288 
21228320 
21228920 
21228936 
21229536 
21229760 
21229856 
21229976 
21230280 
21230448 
21230656 
21230832 
21230872 
21230888 
21231016 
21231136 
21231144 
21231472 
21231584 
21231624 
21231688 
21232080 
21232224 
21233032 
21233232 
21233944 
21234104 
21234232 
21234584 
21234704 
21234752 
21235184 
21235192 
21235536 
21235544 
21236912 
21237072 
21237144 
21237304 
21237376 
21237592 
21238576 
21238808 
21238872 
21239760 
21239936 
21240576 
21240648 
21240712 
21240792 
21240888 
21241248 
21241328 
21243176 
21243904 
21244280 
21244608 
21244720 
21244840 
21245096 
21245704 
21245856 
21247104 
21247200 
21247360 
21247640 
21247808 
21247848 
21249280 
21249408 
21249488 
21249704 
21250352 
21251144 
21251744 
21251840 
21251904 
21252064 
21252360 
21252384 
21252440 
21253104 
21253248 
21253256 
21253272 
21253896 
21254072 
21254240 
21254296 
21254768 
21255240 
21255464 
21255984 
21257384 
21257880 
21258496 
21259408 
21259416 
21259768 
21260608 
21260720 
21260840 
21260856 
21261280 
21261320 
21261472 
21261496 
21261544 
21262584 
21262752 
21262952 
21263176 
21263656 
21264256 
21264280 
21264360 
21266504 
21266656 
21266768 
21266784 
21266832 
21267272 
21267432 
21267584 
21268632 
21268928 
21269000 
21269496 
21269696 
21270552 
21270688 
21270816 
21271352 
21271560 
21271720 
21272264 
21272816 
21272984 
21273552 
21274200 
21274568 
21274592 
21274768 
21275088 
21275112 
21275368 
21275776 
21275832 
21276296 
21276392 
21276400 
21277416 
21277464 
21277872 
21278224 
21278504 
21278632 
21278944 
21279800 
21281224 
21281696 
21281832 
21282056 
21282168 
21282608 
21283400 
21283448 
21283632 
21283736 
21284208 
21285552 
21285584 
21285608 
21285720 
21286024 
21286024 
21286040 
21286096 
21286576 
21287096 
21287320 
21287408 
21287688 
21288064 
21288096 
21288392 
21289072 
21289824 
21290128 
21290152 
21290168 
21290240 
21290416 
21290448 
21290720 
21290936 
21293240 
21293392 
21293480 
21293512 
21293520 
21293936 
21294152 
21294904 
21296072 
21296552 
21296624 
21296888 
21297160 
21297176 
21298624 
21298728 
21298736 
21299408 
21299688 
21299720 
21299992 
21300312 
21300408 
21301440 
21301736 
21301792 
21301872 
21301896 
21302184 
21302368 
21302568 
21302616 
21302704 
21303248 
21305576 
21305768 
21305768 
21305776 
21305840 
21306000 
21306208 
21306280 
21306344 
21306800 
21307080 
21307288 
21307488 
21307936 
21308192 
21308544 
21310040 
21310504 
21310976 
21311232 
21311264 
21311472 
21311720 
21312752 
21313344 
21313360 
21313656 
21313728 
21313896 
21314320 
21314424 
21314432 
21314496 
21314584 
21314632 
21315048 
21315376 
21316056 
21317576 
21317592 
21319240 
21320984 
21321168 
21321496 
21321696 
21322384 
21322432 
21322920 
21324248 
21324344 
21324440 
21324712 
21324800 
21325400 
21326176 
21326280 
21326520 
21326560 
21326888 
21327024 
21327360 
21328552 
21328768 
21329232 
21329496 
21329800 
21330152 
21331464 
21331560 
21331792 
21331968 
21332192 
21332560 
21333096 
21333224 
21333656 
21333944 
21334424 
21334440 
21335120 
21335896 
21336616 
21337080 
21339152 
21339768 
21339920 
21339928 
21340072 
21340632 
21341400 
21341752 
21341840 
21342016 
21342560 
21342640 
21342648 
21342800 
21344328 
21344592 
21344600 
21344720 
21344968 
21346976 
21347200 
21347352 
21347408 
21348040 
21349048 
21349608 
21349608 
21350504 
21350560 
21350608 
21351128 
21351264 
21351688 
21352088 
21352112 
21352808 
21353248 
21353792 
21354736 
21355184 
21355296 
21355688 
21355840 
21356160 
21356376 
21356624 
21356664 
21358120 
21358360 
21359584 
21360208 
21360560 
21361080 
21361192 
21361424 
21361752 
21362128 
21362920 
21364624 
21364792 
21364808 
21364848 
21366112 
21368104 
21368896 
21369848 
21370144 
21370312 
21370464 
21370592 
21370944 
21372456 
21373288 
21373368 
21373376 
21374104 
21374456 
21375232 
21375952 
21376520 
21377336 
21377352 
21377968 
21378632 
21378680 
21379016 
21379032 
21379080 
21379448 
21379736 
21379840 
21380104 
21381072 
21381952 
21382328 
21382344 
21382720 
21384360 
21386032 
21386096 
21387304 
21387528 
21387656 
21388744 
21389048 
21389216 
21389432 
21389456 
21390472 
21390712 
21391152 
21392536 
21392968 
21393096 
21393096 
21393248 
21393808 
21395240 
21395352 
21395368 
21395496 
21396984 
21397656 
21398104 
21398568 
21399616 
21400320 
21401008 
21401056 
21401432 
21402744 
21402968 
21403872 
21404360 
21404760 
21405072 
21405760 
21405880 
21407976 
21409056 
21409064 
21410312 
21411064 
21411344 
21411712 
21412632 
21413888 
21414104 
21415280 
21417928 
21418112 
21418448 
21418512 
21418872 
21419544 
21420200 
21421392 
21421608 
21422120 
21422640 
21422808 
21424312 
21424992 
21425128 
21425552 
21426920 
21427328 
21427744 
21428256 
21428944 
21429608 
21430960 
21431960 
21432112 
21432720 
21433240 
21435488 
21436976 
21437440 
21437624 
21438216 
21439168 
21439312 
21439872 
21440504 
21441744 
21441768 
21441872 
21442248 
21443720 
21443992 
21449008 
21450144 
21451648 
21452080 
21452408 
21453920 
21455192 
21456840 
21457384 
21459176 
21464784 
21466160 
21469784 
21470192 
21470264 
21471088 
21471864 
21473208 
21475216 
21475280 
21477584 
21478152 
21478408 
21479120 
21484632 
21489016 
21491024 
21493120 
21494208 
21494704 
21496240 
21497760 
21499208 
21499440 
21502872 
21502912 
21503168 
21505304 
21506848 
21506960 
21508856 
21509784 
21511592 
21515472 
21516152 
21516392 
21516928 
21518792 
21519064 
21521056 
21521336 
21524024 
21524456 
21527008 
21527312 
21530424 
21535056 
21535464 
21539024 
21541192 
21544080 
21545288 
21546904 
21547248 
21548184 
21550288 
21550752 
21551776 
21552040 
21561592 
21566928 
21567592 
21569416 
21570576 
21571696 
21572136 
21572864 
21578416 
21584360 
21594640 
21595928 
21598392 
21600528 
21602528 
21604528 
21606384 
21613696 
21615184 
21615880 
21615912 
21618008 
21618920 
21621928 
21627256 
21628344 
21641056 
21643120 
21643512 
21644600 
21649120 
21650224 
21653064 
21656760 
21657736 
21664544 
21667568 
21670872 
21672064 
21674360 
21676632 
21677256 
21682016 
21686176 
21694992 
21702256 
21731136 
21738616 
21751080 
21754480 
21757064 
21761288 
21776680 
21781064 
21799440 
21806336 
21810664 
21811600 
21813376 
21815200 
21823776 
21834632 
21839272 
21839616 
21843712 
21865152 
21877720 
21887416 
21888072 
21898136 
21906240 
21928744 
21931752 
21934544 
21946000 
21968288 
21976808 
21995912 
22004496 
22009568 
22018720 
22040624 
22104448 
22106792 
22117024 
22166296 
22172856 
22182712 
22189576 
22189648 
22215560 
22220536 
22259472 
22270544 
22279664 
22279752 
22281752 
22296088 
22328976 
22344200 
22420792 
22584912 
22620528 
22657256 
22669096 
22719592 
22857704 
23072024 
23165392 
23184456 
23199264 
23205816 
23219632 
23285032 
23297984 
23385216 
23481520 
23709792 
23872336 
23887304 
23988392 
24043088 
24098552 
24155472 
24262064 
24350912 
24359880 
24377560 
24825688 
25540448 
25579888 
25825672 
26062976 
26150368 
26204560 
26211056 
26557536 
26657312 
26668424 
26700696 
26740144 
26783904 
26843336 
26864360 
26880112 
26965504 
27088600 
27444968 
27542680 
