21669536 
21682536 
21689320 
21694056 
21694200 
21694216 
21694512 
21699064 
21705768 
21706104 
21706920 
21713448 
21714824 
21716472 
21716880 
21718424 
21723728 
21725792 
21727512 
21728216 
21729016 
21730584 
21732696 
21736696 
21740704 
21742016 
21742032 
21742144 
21742488 
21742776 
21742800 
21743648 
21744144 
21745816 
21746200 
21746792 
21746848 
21746848 
21747808 
21748400 
21748760 
21748832 
21749664 
21749672 
21749824 
21749904 
21750064 
21750376 
21750520 
21750592 
21750728 
21750864 
21750872 
21752536 
21753984 
21754448 
21754480 
21754704 
21755504 
21755568 
21755896 
21756312 
21757456 
21757728 
21759096 
21759672 
21759864 
21760248 
21760432 
21762616 
21762656 
21762744 
21763224 
21763768 
21763792 
21763888 
21766200 
21766424 
21766912 
21767040 
21767504 
21768248 
21768856 
21769032 
21769648 
21771016 
21771120 
21771800 
21772056 
21772288 
21773568 
21773888 
21773952 
21774288 
21774416 
21774784 
21774888 
21775064 
21775088 
21775888 
21776384 
21776880 
21777088 
21777384 
21777488 
21777800 
21777880 
21778208 
21778232 
21778256 
21778512 
21778592 
21778640 
21779048 
21779280 
21779768 
21779952 
21780488 
21781848 
21781976 
21782192 
21783128 
21783752 
21784264 
21784456 
21784616 
21784896 
21785088 
21785168 
21785280 
21785544 
21786464 
21786840 
21786976 
21787320 
21787352 
21788096 
21788160 
21788384 
21788848 
21789152 
21789416 
21789600 
21789968 
21790160 
21790616 
21790768 
21790776 
21791136 
21791720 
21791944 
21792432 
21792704 
21792968 
21793304 
21793872 
21794136 
21794200 
21794296 
21794504 
21795088 
21795392 
21795808 
21795872 
21796160 
21796248 
21798128 
21799344 
21799600 
21799856 
21800168 
21800256 
21800272 
21800912 
21801144 
21801400 
21801440 
21801624 
21801880 
21802224 
21802656 
21803128 
21803360 
21803888 
21804448 
21805088 
21805128 
21806096 
21806512 
21807456 
21807464 
21807808 
21808632 
21808840 
21809816 
21809944 
21810160 
21810216 
21810272 
21810648 
21810744 
21811136 
21811832 
21812464 
21812544 
21813344 
21814888 
21814984 
21815584 
21815824 
21816496 
21816880 
21816992 
21818120 
21819544 
21819608 
21820312 
21820328 
21820560 
21820792 
21820792 
21821016 
21821080 
21821080 
21821496 
21821584 
21821624 
21821872 
21822192 
21822232 
21823640 
21824200 
21824256 
21824304 
21824528 
21824664 
21824968 
21825296 
21825336 
21825400 
21825568 
21826336 
21826680 
21827248 
21828216 
21828728 
21829232 
21830536 
21830592 
21830608 
21831344 
21831672 
21832088 
21833328 
21833456 
21833736 
21833752 
21834552 
21834720 
21834808 
21836112 
21837360 
21837456 
21837984 
21838056 
21838464 
21839240 
21839264 
21839760 
21839800 
21839880 
21840360 
21841488 
21842464 
21843632 
21843880 
21843912 
21843976 
21844168 
21844240 
21844256 
21844288 
21844392 
21844504 
21844768 
21844984 
21845296 
21845408 
21845528 
21846056 
21846120 
21846168 
21846544 
21847552 
21848448 
21849104 
21849344 
21849360 
21849944 
21850176 
21850520 
21850792 
21851040 
21851232 
21851624 
21851776 
21851808 
21851928 
21852168 
21852768 
21852872 
21852928 
21854920 
21855760 
21856384 
21856704 
21856712 
21857792 
21858264 
21859320 
21860064 
21860192 
21860608 
21860736 
21861016 
21861096 
21861120 
21861400 
21861408 
21861608 
21862744 
21862776 
21862976 
21863544 
21863968 
21864120 
21864640 
21864968 
21865760 
21865856 
21866008 
21866120 
21866744 
21867368 
21868856 
21869416 
21870536 
21870760 
21871112 
21871152 
21871360 
21871440 
21871744 
21871976 
21872232 
21872448 
21872656 
21872984 
21873464 
21873536 
21873720 
21874104 
21874600 
21874848 
21875664 
21875752 
21875928 
21875992 
21876328 
21876464 
21876624 
21876688 
21877208 
21877744 
21877960 
21878912 
21879128 
21879304 
21880016 
21880560 
21880584 
21880960 
21881456 
21881768 
21882872 
21882904 
21883064 
21883688 
21883752 
21883912 
21884088 
21885496 
21885528 
21885592 
21885648 
21886016 
21886216 
21886336 
21886408 
21886768 
21888376 
21889824 
21889872 
21890144 
21890624 
21890688 
21891424 
21892072 
21892200 
21892720 
21892760 
21892928 
21893368 
21893632 
21893672 
21894088 
21894288 
21894312 
21894920 
21894936 
21895440 
21895464 
21895864 
21896680 
21897152 
21897320 
21897600 
21898384 
21898512 
21898720 
21899224 
21899368 
21900288 
21900368 
21900952 
21901632 
21901744 
21902472 
21902528 
21903144 
21903688 
21904056 
21904288 
21904520 
21904784 
21904952 
21905016 
21905600 
21905912 
21905936 
21906040 
21906432 
21906440 
21906616 
21906840 
21907240 
21907744 
21908128 
21908800 
21908888 
21909144 
21909280 
21909544 
21909736 
21910168 
21910384 
21911680 
21911808 
21912200 
21912496 
21912704 
21912768 
21912952 
21913056 
21914336 
21914344 
21915296 
21916136 
21916168 
21916208 
21916624 
21916688 
21916856 
21917480 
21917688 
21918416 
21919992 
21920040 
21920104 
21920480 
21920664 
21921072 
21921328 
21921592 
21922416 
21922672 
21922800 
21924200 
21924408 
21924464 
21924680 
21924936 
21925312 
21925592 
21925840 
21925976 
21925992 
21926496 
21926848 
21927128 
21927272 
21927624 
21928264 
21928456 
21928840 
21928864 
21928864 
21929056 
21929088 
21929816 
21929888 
21929976 
21931552 
21932664 
21932824 
21932968 
21933240 
21933616 
21933776 
21934640 
21935728 
21937512 
21937960 
21938112 
21938992 
21939056 
21939368 
21940872 
21940920 
21940992 
21941032 
21941328 
21941568 
21942024 
21942112 
21943400 
21943568 
21945568 
21945568 
21945752 
21946064 
21946096 
21946112 
21946208 
21946840 
21946880 
21947904 
21948744 
21948760 
21949576 
21950448 
21951032 
21952080 
21952120 
21952680 
21952736 
21952896 
21953072 
21953840 
21954016 
21954336 
21955152 
21955320 
21955400 
21956192 
21956752 
21957848 
21957976 
21958264 
21958608 
21958848 
21960456 
21960744 
21961496 
21961632 
21962008 
21962912 
21963336 
21963456 
21963680 
21964592 
21965192 
21965256 
21965488 
21967224 
21967416 
21967800 
21968104 
21968576 
21969904 
21970152 
21970488 
21970712 
21971224 
21972368 
21972704 
21973064 
21973768 
21974680 
21975000 
21975728 
21976616 
21977064 
21977688 
21978128 
21979864 
21981280 
21981344 
21981480 
21981680 
21981832 
21981872 
21982376 
21982832 
21983056 
21984040 
21984424 
21984528 
21984760 
21985104 
21985336 
21985416 
21985504 
21989032 
21990552 
21990896 
21991760 
21991936 
21992128 
21992192 
21992952 
21993032 
21993992 
21994456 
21995280 
21995928 
21996616 
21996672 
21997320 
21999360 
21999552 
21999736 
22000856 
22001096 
22001608 
22003032 
22003792 
22006280 
22006352 
22007272 
22010280 
22011072 
22011336 
22013504 
22014112 
22014656 
22016720 
22016928 
22017024 
22017728 
22018120 
22018864 
22019024 
22019712 
22020104 
22020928 
22023464 
22023776 
22025280 
22025776 
22026440 
22029424 
22029736 
22029944 
22030208 
22031072 
22031224 
22032360 
22032496 
22033040 
22033408 
22033712 
22034272 
22034272 
22034576 
22036112 
22036528 
22037072 
22037776 
22038632 
22038880 
22039184 
22041592 
22042968 
22045120 
22045960 
22046528 
22047568 
22048416 
22048784 
22049128 
22049256 
22049792 
22051488 
22052448 
22052480 
22053304 
22053520 
22053672 
22053920 
22053968 
22054112 
22054992 
22055552 
22056040 
22056216 
22056776 
22058440 
22058728 
22060216 
22061192 
22061440 
22062728 
22062984 
22063832 
22064368 
22066160 
22067568 
22067600 
22070056 
22070096 
22073104 
22075472 
22077896 
22078632 
22080272 
22080864 
22081440 
22081648 
22082000 
22082040 
22082080 
22082368 
22086288 
22088816 
22089384 
22091616 
22091632 
22092344 
22093056 
22093104 
22094624 
22094944 
22096056 
22096392 
22096640 
22099192 
22099888 
22101216 
22101896 
22101952 
22102408 
22102896 
22104344 
22107560 
22107840 
22111944 
22113880 
22114504 
22115904 
22115936 
22116408 
22117280 
22117648 
22118656 
22121272 
22123912 
22124416 
22126536 
22128208 
22129720 
22130800 
22131032 
22133696 
22133880 
22133896 
22134296 
22135568 
22135656 
22139152 
22140248 
22143120 
22143296 
22144856 
22144960 
22145624 
22146000 
22147696 
22148560 
22150312 
22150936 
22151400 
22153392 
22154408 
22157104 
22159088 
22160376 
22161000 
22161976 
22163280 
22163736 
22164032 
22164200 
22164888 
22167624 
22169336 
22169480 
22170144 
22170360 
22173008 
22173624 
22173832 
22174512 
22178216 
22178760 
22178792 
22179112 
22181488 
22182176 
22186456 
22188728 
22191816 
22198056 
22198112 
22201640 
22203056 
22206392 
22208064 
22208728 
22212464 
22213424 
22213888 
22215896 
22217568 
22219256 
22219640 
22220208 
22220704 
22222064 
22226424 
22228352 
22230592 
22231344 
22231952 
22232376 
22237424 
22245352 
22247544 
22248696 
22248856 
22251288 
22251600 
22252856 
22253152 
22254712 
22254896 
22258688 
22263472 
22267264 
22274144 
22275072 
22291464 
22298200 
22301432 
22302312 
22304680 
22306384 
22308216 
22309816 
22310256 
22310392 
22325968 
22327984 
22330744 
22352192 
22355968 
22356728 
22364448 
22365952 
22368648 
22369232 
22371360 
22376680 
22377224 
22378600 
22387048 
22401840 
22402600 
22406144 
22410152 
22421024 
22430528 
22434264 
22436488 
22438376 
22449784 
22478072 
22505256 
22513264 
22526752 
22531304 
22551848 
22552664 
22572720 
22577992 
22583208 
22592544 
22595544 
22622904 
22723936 
22728816 
22737592 
22818752 
22820984 
22845816 
22891984 
22892688 
22901432 
22913968 
22933064 
23018776 
23200736 
23204304 
23231072 
23247856 
23496184 
23575568 
23590848 
23727664 
23732168 
23763488 
23878304 
23878728 
23959144 
23975168 
24028728 
24109520 
24169632 
24192672 
24200880 
24220704 
24281784 
24491144 
24631464 
25091784 
25134784 
25210224 
25222984 
25353912 
25439592 
25548704 
25634128 
25722408 
26044472 
26057848 
26059280 
26065976 
26350488 
26421696 
26514680 
26699968 
26815168 
26829744 
27241920 
27302592 
27376608 
27608048 
27704096 
27769160 
27798104 
27886392 
28088136 
28104808 
28126240 
28249328 
28281088 
28289432 
28305360 
28354240 
28630016 
